accountNumber,customerId,creditLimit,availableMoney,transactionDateTime,transactionAmount,merchantName,acqCountry,merchantCountryCode,posEntryMode,posConditionCode,merchantCategoryCode,cardPresent,currentExpDate,accountOpenDate,dateOfLastAddressChange,cardCVV,enteredCVV,cardLast4Digits,transactionType,echoBuffer,currentBalance,merchantCity,merchantState,merchantZip,posOnPremises,recurringAuthInd,expirationDateKeyInMatch,isFraud
832203315,832203315,2500.0,2500.0,2016-01-01T09:48:43,64.66,South Steakhouse #253522,US,US,09,01,food,True,06/2020,2015-07-09,2015-07-09,350,350,4573,PURCHASE,,0.0,,,,,,False,False
832203315,832203315,2500.0,2435.34,2016-01-01T15:37:08,13.93,Best Deli #100511,US,US,05,01,food,False,05/2024,2015-07-09,2015-07-09,350,350,4573,PURCHASE,,64.66,,,,,,False,False
832203315,832203315,2500.0,2421.41,2016-01-01T16:12:54,0.0,1st Deli,US,US,05,08,food,False,07/2021,2015-07-09,2015-07-09,350,350,4573,ADDRESS_VERIFICATION,,78.59,,,,,,False,False
832203315,832203315,2500.0,2421.41,2016-01-01T16:21:46,115.96,Best Deli #109276,US,US,05,01,food,True,01/2032,2015-07-09,2015-07-09,350,350,4573,PURCHASE,,78.59,,,,,,False,False
832203315,832203315,2500.0,2305.45,2016-01-02T05:32:20,135.28,Dinosaur Sandwitch Bar #960325,US,US,09,01,food,True,08/2027,2015-07-09,2015-07-09,350,350,4573,PURCHASE,,194.55,,,,,,False,False
832203315,832203315,2500.0,2170.17,2016-01-02T07:00:49,0.0,South Sandwitch Bar,US,US,02,08,food,False,12/2025,2015-07-09,2015-07-09,350,350,4573,ADDRESS_VERIFICATION,,329.83,,,,,,False,False
832203315,832203315,2500.0,2170.17,2016-01-02T07:20:49,38.09,South Steakhouse #378389,US,US,09,01,food,True,03/2024,2015-07-09,2015-07-09,350,350,4573,PURCHASE,,329.83,,,,,,False,False
832203315,832203315,2500.0,2132.08,2016-01-02T20:07:22,175.16,Uptown BBQ,US,US,09,01,food,True,05/2030,2015-07-09,2015-07-09,350,350,4573,PURCHASE,,367.92,,,,,,False,False
832203315,832203315,2500.0,1956.92,2016-01-02T20:12:19,2.96,Uptown Cafe,US,US,02,01,food,True,12/2024,2015-07-09,2015-07-09,350,350,4573,PURCHASE,,543.08,,,,,,False,False
832203315,832203315,2500.0,1953.96,2016-01-02T20:13:34,2.96,Uptown Cafe,US,US,02,01,food,True,12/2024,2015-07-09,2015-07-09,350,350,4573,REVERSAL,,546.04,,,,,,False,False
832203315,832203315,2500.0,1956.92,2016-01-02T22:01:02,75.05,34th BBQ #166379,US,US,09,01,food,True,09/2025,2015-07-09,2015-07-09,350,350,4573,PURCHASE,,543.08,,,,,,False,False
832203315,832203315,2500.0,1881.87,2016-01-03T20:47:31,113.54,1st Pub,US,US,09,01,food,False,06/2021,2015-07-09,2015-07-09,350,350,4573,PURCHASE,,618.13,,,,,,False,False
832203315,832203315,2500.0,1768.33,2016-01-03T21:32:57,92.98,Boston Cafe #592935,US,US,05,01,food,True,09/2025,2015-07-09,2015-07-09,350,350,4573,PURCHASE,,731.67,,,,,,False,False
832203315,832203315,2500.0,1675.35,2016-01-03T23:13:30,122.56,34th BBQ #412895,US,US,05,99,food,True,08/2030,2015-07-09,2015-07-09,350,350,4573,PURCHASE,,824.65,,,,,,False,False
832203315,832203315,2500.0,1552.79,2016-01-04T15:54:56,54.14,Dinosaur Sandwitch Bar #08794,US,US,02,01,food,True,07/2027,2015-07-09,2015-07-09,350,350,4573,PURCHASE,,947.21,,,,,,False,False
832203315,832203315,2500.0,1498.65,2016-01-04T19:58:14,17.48,1st Sandwitch Bar #801388,US,US,05,01,food,True,06/2025,2015-07-09,2015-07-09,350,350,4573,PURCHASE,,1001.35,,,,,,False,False
832203315,832203315,2500.0,1481.17,2016-01-05T07:25:59,150.77,Franks Pub #86033,US,US,02,01,food,True,02/2021,2015-07-09,2015-07-09,350,350,4573,PURCHASE,,1018.83,,,,,,False,False
832203315,832203315,2500.0,1330.4,2016-01-06T00:50:13,419.76,Dinosaur Sandwitch Bar #249717,US,US,80,01,food,True,05/2023,2015-07-09,2015-07-09,350,350,4573,PURCHASE,,1169.6,,,,,,False,False
832203315,832203315,2500.0,910.64,2016-01-08T02:36:46,47.01,NY Deli,US,US,05,01,food,True,10/2030,2015-07-09,2015-07-09,350,350,4573,PURCHASE,,1589.36,,,,,,False,False
832203315,832203315,2500.0,863.63,2016-01-08T05:07:13,0.87,Ray's Fries #61396,US,US,09,01,food,True,04/2024,2015-07-09,2015-07-09,350,350,4573,PURCHASE,,1636.37,,,,,,False,False
832203315,832203315,2500.0,862.76,2016-01-08T16:00:52,252.29,Best Bistro #44077,US,US,02,08,food,True,05/2020,2015-07-09,2015-07-09,350,350,4573,PURCHASE,,1637.24,,,,,,False,False
832203315,832203315,2500.0,610.47,2016-01-09T07:50:42,14.1,South Cafe,US,US,05,01,food,True,11/2027,2015-07-09,2015-07-09,350,350,4573,PURCHASE,,1889.53,,,,,,False,False
832203315,832203315,2500.0,596.37,2016-01-10T08:54:14,0.0,Boston Bistro,US,US,09,08,food,False,04/2031,2015-07-09,2015-07-09,350,350,4573,ADDRESS_VERIFICATION,,1903.63,,,,,,False,False
832203315,832203315,2500.0,596.37,2016-01-10T13:52:55,403.94,South Restaurant,US,US,05,01,food,True,10/2026,2015-07-09,2015-07-09,350,350,4573,PURCHASE,,1903.63,,,,,,False,False
832203315,832203315,2500.0,192.43,2016-01-11T13:43:47,365.36,NY BBQ,US,US,02,08,food,True,06/2020,2015-07-09,2015-07-09,350,350,4573,PURCHASE,,2307.57,,,,,,False,True
832203315,832203315,2500.0,432.64,2016-01-12T00:52:17,229.47,Best Deli #109276,US,US,02,01,food,True,05/2021,2015-07-09,2015-07-09,350,350,4573,PURCHASE,,2067.36,,,,,,False,False
832203315,832203315,2500.0,203.17,2016-01-12T03:15:12,127.68,South Cafe,US,US,05,01,food,True,03/2033,2015-07-09,2015-07-09,350,350,4573,PURCHASE,,2296.83,,,,,,False,False
832203315,832203315,2500.0,2007.55,2016-01-12T06:47:59,103.55,ebay.com,US,US,02,01,online_retail,False,01/2027,2015-07-09,2015-07-09,350,350,4573,PURCHASE,,492.45,,,,,,False,False
832203315,832203315,2500.0,1904.0,2016-01-12T20:55:16,350.04,Franks Pub #934222,US,US,02,01,food,True,01/2025,2015-07-09,2015-07-09,350,350,4573,PURCHASE,,596.0,,,,,,False,False
832203315,832203315,2500.0,1553.96,2016-01-12T22:22:43,201.92,Franks Pub #86033,US,US,02,01,food,True,07/2022,2015-07-09,2015-07-09,350,350,4573,PURCHASE,,946.04,,,,,,False,False
832203315,832203315,2500.0,1352.04,2016-01-12T22:25:31,28.97,Franks Pub #86033,US,US,02,01,food,True,07/2022,2015-07-09,2015-07-09,350,350,4573,REVERSAL,,1147.96,,,,,,False,False
832203315,832203315,2500.0,1381.01,2016-01-13T00:21:18,122.86,Uptown BBQ,US,US,05,01,food,True,08/2021,2015-07-09,2015-07-09,350,350,4573,PURCHASE,,1118.99,,,,,,False,False
832203315,832203315,2500.0,1258.15,2016-01-13T11:00:32,46.45,Franks Pub #755509,US,US,80,01,food,True,09/2026,2015-07-09,2015-07-09,350,350,4573,PURCHASE,,1241.85,,,,,,False,False
832203315,832203315,2500.0,1211.7,2016-01-13T11:46:58,86.16,1st Pub,US,US,05,01,food,True,11/2030,2015-07-09,2015-07-09,350,350,4573,PURCHASE,,1288.3,,,,,,False,False
832203315,832203315,2500.0,1125.54,2016-01-14T02:22:30,30.88,1st Sandwitch Bar #941288,US,US,02,01,food,True,10/2032,2015-07-09,2015-07-09,350,350,4573,PURCHASE,,1374.46,,,,,,False,False
832203315,832203315,2500.0,1094.66,2016-01-14T02:31:30,252.29,Best Bistro #44077,US,US,02,08,food,True,05/2020,2015-07-09,2015-07-09,350,350,4573,REVERSAL,,1405.34,,,,,,False,False
832203315,832203315,2500.0,1346.95,2016-01-14T23:50:29,106.31,1st Sandwitch Bar #396252,US,US,05,01,food,True,04/2020,2015-07-09,2015-07-09,350,350,4573,PURCHASE,,1153.05,,,,,,False,False
832203315,832203315,2500.0,1240.64,2016-01-15T04:05:11,126.39,discount.com,US,US,09,01,online_retail,False,06/2031,2015-07-09,2015-07-09,350,350,4573,PURCHASE,,1259.36,,,,,,False,False
832203315,832203315,2500.0,1114.25,2016-01-15T06:30:45,70.8,Ray's Fries #312615,US,US,02,01,food,True,03/2032,2015-07-09,2015-07-09,350,350,4573,PURCHASE,,1385.75,,,,,,False,False
832203315,832203315,2500.0,1043.45,2016-01-17T11:34:00,0.0,South Restaurant,US,US,02,01,food,False,08/2021,2015-07-09,2015-07-09,350,350,4573,ADDRESS_VERIFICATION,,1456.55,,,,,,False,False
832203315,832203315,2500.0,1043.45,2016-01-17T13:34:32,157.97,Franks Pub #53336,US,US,02,01,food,True,08/2028,2015-07-09,2015-07-09,350,350,4573,PURCHASE,,1456.55,,,,,,False,False
832203315,832203315,2500.0,885.48,2016-01-17T19:31:29,77.53,Uptown Cafe,US,US,05,01,food,True,02/2028,2015-07-09,2015-07-09,350,350,4573,PURCHASE,,1614.52,,,,,,False,False
832203315,832203315,2500.0,807.95,2016-01-17T20:14:33,11.15,34th Diner,US,US,09,08,food,True,01/2032,2015-07-09,2015-07-09,350,350,4573,PURCHASE,,1692.05,,,,,,False,False
832203315,832203315,2500.0,796.8,2016-01-18T15:57:04,28.4,Uptown BBQ,US,US,09,08,food,True,05/2028,2015-07-09,2015-07-09,350,350,4573,PURCHASE,,1703.2,,,,,,False,False
832203315,832203315,2500.0,768.4,2016-01-18T21:15:14,146.54,1st Sandwitch Bar #396252,US,US,05,01,food,True,05/2021,2015-07-09,2015-07-09,350,350,4573,PURCHASE,,1731.6,,,,,,False,False
832203315,832203315,2500.0,621.86,2016-01-19T01:02:42,203.03,Downtown Diner,US,US,02,01,food,True,09/2027,2015-07-09,2015-07-09,350,350,4573,PURCHASE,,1878.14,,,,,,False,False
832203315,832203315,2500.0,418.83,2016-01-20T05:10:20,46.75,Best Bistro #44077,US,US,05,08,food,True,08/2029,2015-07-09,2015-07-09,350,350,4573,PURCHASE,,2081.17,,,,,,False,False
832203315,832203315,2500.0,372.08,2016-01-20T17:50:31,0.0,34th Pub,US,US,02,01,food,False,12/2023,2015-07-09,2015-07-09,350,350,4573,ADDRESS_VERIFICATION,,2127.92,,,,,,False,False
832203315,832203315,2500.0,372.08,2016-01-20T23:30:56,91.13,Boston Cafe #105215,US,US,05,08,food,False,05/2027,2015-07-09,2015-07-09,350,350,4573,PURCHASE,,2127.92,,,,,,False,False
832203315,832203315,2500.0,280.95,2016-01-21T04:46:48,313.28,John's Bistro,,US,05,01,food,True,05/2031,2015-07-09,2015-07-09,350,350,4573,PURCHASE,,2219.05,,,,,,False,False
832203315,832203315,2500.0,1808.25,2016-01-21T05:12:58,394.3,South Steakhouse #879581,US,US,09,08,food,True,03/2021,2015-07-09,2015-07-09,350,350,4573,PURCHASE,,691.75,,,,,,False,False
832203315,832203315,2500.0,1413.95,2016-01-21T08:26:27,180.52,Best Deli #316476,US,US,05,01,food,False,11/2025,2015-07-09,2015-07-09,350,350,4573,PURCHASE,,1086.05,,,,,,False,False
832203315,832203315,2500.0,1233.43,2016-01-22T01:50:50,263.45,South Drive in,US,US,05,01,food,True,11/2030,2015-07-09,2015-07-09,350,350,4573,PURCHASE,,1266.57,,,,,,False,False
832203315,832203315,2500.0,969.98,2016-01-22T04:14:31,100.71,South Restaurant,US,US,05,01,food,True,03/2020,2015-07-09,2015-07-09,350,350,4573,PURCHASE,,1530.02,,,,,,False,False
832203315,832203315,2500.0,869.27,2016-01-22T23:51:07,16.15,Franks Pub #960098,US,US,09,01,food,True,07/2029,2015-07-09,2015-07-09,350,350,4573,PURCHASE,,1630.73,,,,,,False,False
832203315,832203315,2500.0,853.12,2016-01-23T09:45:02,129.34,Best Deli #100511,US,US,02,01,food,True,09/2032,2015-07-09,2015-07-09,350,350,4573,PURCHASE,,1646.88,,,,,,False,False
832203315,832203315,2500.0,723.78,2016-01-23T13:11:07,102.63,Ray's Fries #892291,US,US,02,01,food,True,06/2031,2015-07-09,2015-07-09,350,350,4573,PURCHASE,,1776.22,,,,,,False,False
832203315,832203315,2500.0,621.15,2016-01-24T17:50:14,5.02,34th Bistro,US,US,02,01,food,True,07/2030,2015-07-09,2015-07-09,350,350,4573,PURCHASE,,1878.85,,,,,,False,False
832203315,832203315,2500.0,616.13,2016-01-25T13:02:50,0.0,Boston Cafe #465229,US,US,02,01,food,False,04/2031,2015-07-09,2015-07-09,350,350,4573,ADDRESS_VERIFICATION,,1883.87,,,,,,False,False
832203315,832203315,2500.0,616.13,2016-01-25T19:55:15,62.73,34th BBQ #207369,US,US,09,08,food,True,06/2027,2015-07-09,2015-07-09,350,350,4573,PURCHASE,,1883.87,,,,,,False,False
832203315,832203315,2500.0,553.4,2016-01-25T22:42:08,38.66,NY Deli,US,US,05,01,food,True,08/2023,2015-07-09,2015-07-09,350,350,4573,PURCHASE,,1946.6,,,,,,False,False
832203315,832203315,2500.0,514.74,2016-01-26T07:08:18,22.78,Franks Cafe,US,US,05,01,food,True,06/2021,2015-07-09,2015-07-09,350,350,4573,PURCHASE,,1985.26,,,,,,False,False
832203315,832203315,2500.0,491.96,2016-01-27T16:47:07,304.59,Ray's Fries #153092,US,US,05,01,food,True,10/2028,2015-07-09,2015-07-09,350,350,4573,PURCHASE,,2008.04,,,,,,False,False
832203315,832203315,2500.0,187.37,2016-01-27T19:07:39,8.95,South Cafe,US,US,05,01,food,True,05/2026,2015-07-09,2015-07-09,350,350,4573,PURCHASE,,2312.63,,,,,,False,False
832203315,832203315,2500.0,178.42,2016-01-27T19:34:07,68.59,1st Sandwitch Bar #801388,US,US,05,08,food,True,04/2033,2015-07-09,2015-07-09,350,350,4573,PURCHASE,,2321.58,,,,,,False,False
832203315,832203315,2500.0,2267.91,2016-01-28T01:23:34,50.33,South Steakhouse #481929,US,US,09,01,food,True,01/2026,2015-07-09,2015-07-09,350,350,4573,PURCHASE,,232.09,,,,,,False,False
832203315,832203315,2500.0,2217.58,2016-01-28T01:25:10,50.33,South Steakhouse #481929,US,US,09,01,food,True,01/2026,2015-07-09,2015-07-09,350,350,4573,PURCHASE,,282.42,,,,,,False,False
832203315,832203315,2500.0,2167.25,2016-01-28T06:09:24,304.81,Boston Bistro,US,US,02,08,food,True,05/2029,2015-07-09,2015-07-09,350,350,4573,PURCHASE,,332.75,,,,,,False,False
832203315,832203315,2500.0,1862.44,2016-01-28T08:36:18,253.59,Franks Restaurant,US,US,09,01,food,True,06/2031,2015-07-09,2015-07-09,350,350,4573,PURCHASE,,637.56,,,,,,False,False
832203315,832203315,2500.0,1608.85,2016-01-28T22:12:02,20.3,34th BBQ #192302,US,US,09,08,food,True,10/2030,2015-07-09,2015-07-09,350,350,4573,PURCHASE,,891.15,,,,,,False,False
832203315,832203315,2500.0,1588.55,2016-01-29T07:25:32,15.1,Ray's Fries #24425,US,US,05,01,food,True,03/2030,2015-07-09,2015-07-09,350,350,4573,PURCHASE,,911.45,,,,,,False,False
832203315,832203315,2500.0,1573.45,2016-01-29T10:07:06,705.08,John's Bistro,US,US,05,01,food,True,06/2033,2015-07-09,2015-07-09,350,350,4573,PURCHASE,,926.55,,,,,,False,False
832203315,832203315,2500.0,868.37,2016-01-29T13:23:50,48.91,John's Cafe,US,US,09,01,food,True,12/2027,2015-07-09,2015-07-09,350,350,4573,PURCHASE,,1631.63,,,,,,False,False
832203315,832203315,2500.0,819.46,2016-01-30T20:37:31,15.96,South Steakhouse #796913,US,US,09,01,food,True,09/2020,2015-07-09,2015-07-09,350,350,4573,PURCHASE,,1680.54,,,,,,False,False
832203315,832203315,2500.0,803.5,2016-01-31T17:58:05,78.32,LES Pizza,US,US,05,01,food,True,10/2025,2015-07-09,2015-07-09,350,350,4573,PURCHASE,,1696.5,,,,,,False,False
832203315,832203315,2500.0,725.18,2016-01-31T19:35:45,145.58,gap.com,US,US,05,01,online_retail,False,06/2031,2015-07-09,2015-07-09,350,350,4573,PURCHASE,,1774.82,,,,,,False,False
832203315,832203315,2500.0,2500.0,2016-02-01T13:40:23,370.64,34th Bistro,US,US,05,01,food,True,05/2030,2015-07-09,2015-07-09,350,350,4573,PURCHASE,,0.0,,,,,,False,False
832203315,832203315,2500.0,2129.36,2016-02-02T06:46:43,79.45,discount.com,US,US,05,08,online_retail,False,05/2022,2015-07-09,2015-07-09,350,350,4573,PURCHASE,,370.64,,,,,,False,False
832203315,832203315,2500.0,2049.91,2016-02-02T09:47:53,53.49,Boston Diner,US,US,05,01,food,True,09/2032,2015-07-09,2015-07-09,350,350,4573,PURCHASE,,450.09,,,,,,False,False
832203315,832203315,2500.0,1996.42,2016-02-02T12:35:01,258.32,Best Bistro #262998,MEX,MEX,05,01,food,True,01/2025,2015-07-09,2015-07-09,350,350,4573,PURCHASE,,503.58,,,,,,False,False
832203315,832203315,2500.0,1738.1,2016-02-03T20:23:14,90.92,Franks Restaurant,US,US,05,08,food,True,05/2023,2015-07-09,2015-07-09,350,350,4573,PURCHASE,,761.9,,,,,,False,False
832203315,832203315,2500.0,1647.18,2016-02-03T21:30:43,157.29,South Steakhouse #879581,US,US,02,01,food,True,10/2025,2015-07-09,2015-07-09,350,350,4573,PURCHASE,,852.82,,,,,,False,False
832203315,832203315,2500.0,1489.89,2016-02-04T00:05:27,246.08,Boston Pub,US,US,05,01,food,True,12/2032,2015-07-09,2015-07-09,350,350,4573,PURCHASE,,1010.11,,,,,,False,False
832203315,832203315,2500.0,1243.81,2016-02-04T01:26:45,168.08,Franks Pub #86033,US,US,09,01,food,True,09/2032,2015-07-09,2015-07-09,350,350,4573,PURCHASE,,1256.19,,,,,,False,False
832203315,832203315,2500.0,1075.73,2016-02-04T03:59:45,166.32,1st Pub,US,US,02,01,food,True,09/2028,2015-07-09,2015-07-09,350,350,4573,PURCHASE,,1424.27,,,,,,False,False
832203315,832203315,2500.0,909.41,2016-02-04T14:20:50,27.74,Dinosaur Sandwitch Bar #960325,US,US,02,01,food,True,05/2026,2015-07-09,2015-07-09,350,350,4573,PURCHASE,,1590.59,,,,,,False,False
832203315,832203315,2500.0,881.67,2016-02-04T16:18:04,199.0,South Cafe,US,US,05,01,food,True,09/2024,2015-07-09,2015-07-09,350,350,4573,PURCHASE,,1618.33,,,,,,False,False
832203315,832203315,2500.0,682.67,2016-02-04T19:16:18,113.75,apple.com,US,US,,08,online_retail,False,07/2021,2015-07-09,2015-07-09,350,350,4573,PURCHASE,,1817.33,,,,,,False,False
832203315,832203315,2500.0,568.92,2016-02-05T00:30:24,780.56,ebay.com,US,US,09,08,online_retail,False,03/2030,2015-07-09,2015-07-09,350,350,4573,PURCHASE,,1931.08,,,,,,False,False
832203315,832203315,2500.0,1586.11,2016-02-07T07:48:51,76.51,1st Sandwitch Bar #772439,US,US,02,01,food,True,12/2021,2015-07-09,2015-07-09,350,350,4573,PURCHASE,,913.89,,,,,,False,False
832203315,832203315,2500.0,1509.6,2016-02-07T09:35:17,107.06,1st Pub,US,US,05,08,food,True,03/2032,2015-07-09,2015-07-09,350,350,4573,PURCHASE,,990.4,,,,,,False,False
832203315,832203315,2500.0,1402.54,2016-02-07T19:44:58,608.44,NY Deli,US,US,09,01,food,True,02/2030,2015-07-09,2015-07-09,350,350,4573,PURCHASE,,1097.46,,,,,,False,False
832203315,832203315,2500.0,794.1,2016-02-08T15:32:40,0.0,Best Bistro #262998,US,US,05,01,food,False,09/2025,2015-07-09,2015-07-09,350,350,4573,ADDRESS_VERIFICATION,,1705.9,,,,,,False,False
832203315,832203315,2500.0,794.1,2016-02-10T01:58:30,35.31,South Drive in,US,US,05,01,food,True,04/2028,2015-07-09,2015-07-09,350,350,4573,PURCHASE,,1705.9,,,,,,False,False
832203315,832203315,2500.0,758.79,2016-02-10T10:06:12,472.25,Best Deli #109276,US,US,05,08,food,True,07/2020,2015-07-09,2015-07-09,350,350,4573,PURCHASE,,1741.21,,,,,,False,False
832203315,832203315,2500.0,286.54,2016-02-10T22:20:30,0.0,Uptown Diner,US,US,02,01,food,False,05/2022,2015-07-09,2015-07-09,350,350,4573,ADDRESS_VERIFICATION,,2213.46,,,,,,False,False
832203315,832203315,2500.0,286.54,2016-02-10T22:23:24,0.0,Uptown Diner,US,US,02,01,food,False,05/2022,2015-07-09,2015-07-09,350,350,4573,ADDRESS_VERIFICATION,,2213.46,,,,,,False,False
832203315,832203315,2500.0,286.54,2016-02-10T23:45:05,38.09,Downtown BBQ,US,US,05,01,food,True,09/2025,2015-07-09,2015-07-09,350,350,4573,PURCHASE,,2213.46,,,,,,False,False
832203315,832203315,2500.0,248.45,2016-02-11T13:49:16,426.17,34th BBQ #207369,US,US,02,01,food,True,07/2033,2015-07-09,2015-07-09,350,350,4573,PURCHASE,,2251.55,,,,,,False,False
832203315,832203315,2500.0,2500.0,2016-02-11T17:29:02,74.92,Franks Pub #632075,US,US,09,01,food,True,09/2023,2015-07-09,2015-07-09,350,350,4573,PURCHASE,,0.0,,,,,,False,False
832203315,832203315,2500.0,2425.08,2016-02-12T09:07:48,6.9,Ray's Fries #312615,US,US,09,01,food,True,01/2025,2015-07-09,2015-07-09,350,350,4573,PURCHASE,,74.92,,,,,,False,False
832203315,832203315,2500.0,2418.18,2016-02-12T19:00:15,8.75,Downtown Sandwitch Bar,US,US,05,08,food,True,01/2030,2015-07-09,2015-07-09,350,350,4573,PURCHASE,,81.82,,,,,,False,False
832203315,832203315,2500.0,2409.43,2016-02-13T07:00:34,424.89,1st Restaurant,US,US,02,01,food,True,02/2023,2015-07-09,2015-07-09,350,350,4573,PURCHASE,,90.57,,,,,,False,False
832203315,832203315,2500.0,1984.54,2016-02-13T11:03:34,180.52,Best Deli #316476,US,US,05,01,food,False,11/2025,2015-07-09,2015-07-09,350,350,4573,REVERSAL,,515.46,,,,,,False,False
832203315,832203315,2500.0,2165.06,2016-02-14T07:52:57,144.0,Best Bistro #262998,US,US,05,01,food,True,07/2026,2015-07-09,2015-07-09,350,350,4573,PURCHASE,,334.94,,,,,,False,False
832203315,832203315,2500.0,2021.06,2016-02-14T14:08:32,86.96,Franks Cafe,US,US,05,01,food,True,10/2028,2015-07-09,2015-07-09,350,350,4573,PURCHASE,,478.94,,,,,,False,False
832203315,832203315,2500.0,1934.1,2016-02-14T21:24:32,85.18,Uptown Fries,US,US,09,01,food,True,04/2023,2015-07-09,2015-07-09,350,350,4573,PURCHASE,,565.9,,,,,,False,False
832203315,832203315,2500.0,1848.92,2016-02-15T03:35:21,375.42,Downtown Diner,US,US,09,01,food,True,07/2027,2015-07-09,2015-07-09,350,350,4573,PURCHASE,,651.08,,,,,,False,False
832203315,832203315,2500.0,1473.5,2016-02-15T06:32:18,190.7,34th Bistro,US,US,80,01,food,True,04/2031,2015-07-09,2015-07-09,350,350,4573,PURCHASE,,1026.5,,,,,,False,False
832203315,832203315,2500.0,1282.8,2016-02-15T19:04:17,87.36,South Restaurant,US,US,09,01,food,True,12/2019,2015-07-09,2015-07-09,350,350,4573,PURCHASE,,1217.2,,,,,,False,False
832203315,832203315,2500.0,1195.44,2016-02-16T08:47:18,76.56,Ray's Fries #892291,US,US,09,08,food,True,04/2026,2015-07-09,2015-07-09,350,350,4573,PURCHASE,,1304.56,,,,,,False,False
832203315,832203315,2500.0,1118.88,2016-02-16T20:29:57,36.02,Franks Pub #632075,US,US,09,01,food,True,09/2029,2015-07-09,2015-07-09,350,350,4573,PURCHASE,,1381.12,,,,,,False,False
832203315,832203315,2500.0,1082.86,2016-02-18T00:26:19,226.67,Uptown BBQ,US,US,09,08,food,True,10/2028,2015-07-09,2015-07-09,350,350,4573,PURCHASE,,1417.14,,,,,,False,False
832203315,832203315,2500.0,856.19,2016-02-18T02:13:13,52.25,Boston Cafe #465229,US,US,02,01,food,True,10/2032,2015-07-09,2015-07-09,350,350,4573,PURCHASE,,1643.81,,,,,,False,False
832203315,832203315,2500.0,803.94,2016-02-18T05:14:41,185.51,1st Sandwitch Bar #941288,US,US,02,08,food,True,03/2025,2015-07-09,2015-07-09,350,350,4573,PURCHASE,,1696.06,,,,,,False,False
832203315,832203315,2500.0,618.43,2016-02-18T07:05:40,20.97,Dinosaur Fries,US,US,02,01,food,True,01/2033,2015-07-09,2015-07-09,350,350,4573,PURCHASE,,1881.57,,,,,,False,False
832203315,832203315,2500.0,597.46,2016-02-18T11:36:37,124.81,1st BBQ,US,US,05,01,food,True,06/2028,2015-07-09,2015-07-09,350,350,4573,PURCHASE,,1902.54,,,,,,False,False
832203315,832203315,2500.0,472.65,2016-02-18T22:25:31,138.25,LES Pizza,US,US,05,01,food,True,08/2030,2015-07-09,2015-07-09,350,350,4573,PURCHASE,,2027.35,,,,,,False,False
832203315,832203315,2500.0,334.4,2016-02-19T03:07:40,261.39,1st Sandwitch Bar #396252,US,US,09,08,food,True,09/2030,2015-07-09,2015-07-09,350,350,4573,PURCHASE,,2165.6,,,,,,False,False
832203315,832203315,2500.0,590.97,2016-02-20T01:02:48,101.06,Downtown Sandwitch Bar,US,US,05,01,food,True,07/2027,2015-07-09,2015-07-09,350,350,4573,PURCHASE,,1909.03,,,,,,False,False
832203315,832203315,2500.0,489.91,2016-02-20T18:13:53,167.49,1st Sandwitch Bar #801388,US,US,09,01,food,True,05/2033,2015-07-09,2015-07-09,350,350,4573,PURCHASE,,2010.09,,,,,,False,False
832203315,832203315,2500.0,322.42,2016-02-21T08:04:46,244.65,NY Deli,US,US,02,01,food,True,10/2020,2015-07-09,2015-07-09,350,350,4573,PURCHASE,,2177.58,,,,,,False,False
832203315,832203315,2500.0,2101.56,2016-02-21T08:56:29,15.22,Dinosaur Sandwitch Bar #160554,US,US,05,01,food,True,05/2024,2015-07-09,2015-07-09,350,350,4573,PURCHASE,,398.44,,,,,,False,False
832203315,832203315,2500.0,2086.34,2016-02-21T22:23:29,356.16,Franks Pub #934222,US,US,05,01,food,True,04/2027,2015-07-09,2015-07-09,350,350,4573,PURCHASE,,413.66,,,,,,False,False
832203315,832203315,2500.0,1730.18,2016-02-22T07:23:08,0.89,34th BBQ #192302,US,US,05,01,food,True,04/2024,2015-07-09,2015-07-09,350,350,4573,PURCHASE,,769.82,,,,,,False,False
832203315,832203315,2500.0,1729.29,2016-02-23T07:53:52,74.53,34th Bistro,US,US,05,01,food,True,01/2024,2015-07-09,2015-07-09,350,350,4573,PURCHASE,,770.71,,,,,,False,False
832203315,832203315,2500.0,1654.76,2016-02-23T09:14:00,31.98,South Steakhouse #879581,US,US,05,01,food,True,05/2030,2015-07-09,2015-07-09,350,350,4573,PURCHASE,,845.24,,,,,,False,False
832203315,832203315,2500.0,1622.78,2016-02-23T19:34:14,29.03,amazon.com,US,US,09,01,online_retail,False,11/2022,2015-07-09,2015-07-09,350,350,4573,PURCHASE,,877.22,,,,,,False,False
832203315,832203315,2500.0,1593.75,2016-02-24T00:54:47,449.61,1st Pub,US,US,09,01,food,True,12/2022,2015-07-09,2015-07-09,350,350,4573,PURCHASE,,906.25,,,,,,False,False
832203315,832203315,2500.0,1144.14,2016-02-24T18:59:33,68.24,34th Bistro,US,US,09,01,food,True,02/2021,2015-07-09,2015-07-09,350,350,4573,PURCHASE,,1355.86,,,,,,False,False
832203315,832203315,2500.0,1075.9,2016-02-24T22:24:20,67.64,South Steakhouse #378389,US,US,05,01,food,True,04/2030,2015-07-09,2015-07-09,350,350,4573,PURCHASE,,1424.1,,,,,,False,False
832203315,832203315,2500.0,1008.26,2016-02-25T00:56:21,0.0,Franks Pub #632075,US,US,09,01,food,False,03/2022,2015-07-09,2015-07-09,350,350,4573,ADDRESS_VERIFICATION,,1491.74,,,,,,False,False
832203315,832203315,2500.0,1008.26,2016-02-25T01:55:19,98.8,Boston Pub,US,US,02,01,food,True,06/2022,2015-07-09,2015-07-09,350,350,4573,PURCHASE,,1491.74,,,,,,False,False
832203315,832203315,2500.0,909.46,2016-02-25T22:16:15,278.93,1st Pub,US,US,02,01,food,True,04/2029,2015-07-09,2015-07-09,350,350,4573,PURCHASE,,1590.54,,,,,,False,False
832203315,832203315,2500.0,630.53,2016-02-26T00:23:28,210.51,South Drive in,US,US,09,08,food,True,08/2032,2015-07-09,2015-07-09,350,350,4573,PURCHASE,,1869.47,,,,,,False,False
832203315,832203315,2500.0,420.02,2016-02-26T07:09:36,28.73,Dinosaur Sandwitch Bar #960325,US,US,05,01,food,True,03/2031,2015-07-09,2015-07-09,350,350,4573,PURCHASE,,2079.98,,,,,,False,False
832203315,832203315,2500.0,391.29,2016-02-26T21:15:53,190.26,Downtown BBQ,US,US,09,08,food,True,02/2031,2015-07-09,2015-07-09,350,350,4573,PURCHASE,,2108.71,,,,,,False,False
832203315,832203315,2500.0,201.03,2016-02-26T22:10:43,193.08,Uptown BBQ,US,US,05,08,food,True,08/2031,2015-07-09,2016-02-26,350,350,4573,PURCHASE,,2298.97,,,,,,False,False
832203315,832203315,2500.0,707.06,2016-02-26T23:19:31,52.72,1st Sandwitch Bar #119707,US,US,09,01,food,True,07/2026,2015-07-09,2016-02-26,350,350,4573,PURCHASE,,1792.94,,,,,,False,False
832203315,832203315,2500.0,654.34,2016-02-27T04:11:26,58.7,Dinosaur Sandwitch Bar #08794,US,US,09,01,food,True,01/2031,2015-07-09,2016-02-26,350,350,4573,PURCHASE,,1845.66,,,,,,False,False
832203315,832203315,2500.0,595.64,2016-02-27T04:18:31,149.95,Franks Pub #87366,US,US,02,01,food,True,03/2031,2015-07-09,2016-02-26,350,350,4573,PURCHASE,,1904.36,,,,,,False,False
832203315,832203315,2500.0,445.69,2016-02-27T22:37:25,16.06,Best Bistro #44077,US,US,05,01,food,True,02/2029,2015-07-09,2016-02-26,350,350,4573,PURCHASE,,2054.31,,,,,,False,False
832203315,832203315,2500.0,429.63,2016-02-28T04:15:16,0.0,1st Sandwitch Bar #941288,US,US,05,01,food,False,07/2025,2015-07-09,2016-02-26,350,350,4573,ADDRESS_VERIFICATION,,2070.37,,,,,,False,False
832203315,832203315,2500.0,429.63,2016-02-28T05:20:55,144.1,Franks Pub #87366,US,US,05,01,food,True,02/2023,2015-07-09,2016-02-26,350,350,4573,PURCHASE,,2070.37,,,,,,False,False
832203315,832203315,2500.0,285.53,2016-02-28T14:26:35,415.82,Uptown Fries,US,US,05,01,food,True,12/2029,2015-07-09,2016-02-26,350,350,4573,PURCHASE,,2214.47,,,,,,False,False
832203315,832203315,2500.0,127.51,2016-02-29T00:45:29,324.33,34th Diner,US,US,09,01,food,True,09/2028,2015-07-09,2016-02-26,350,350,4573,PURCHASE,,2372.49,,,,,,False,False
832203315,832203315,2500.0,2500.0,2016-02-29T01:50:56,69.91,Best Pub,US,US,09,01,food,True,02/2022,2015-07-09,2016-02-26,350,350,4573,PURCHASE,,0.0,,,,,,False,False
832203315,832203315,2500.0,2430.09,2016-02-29T09:33:47,50.26,Ray's Fries #24425,US,US,09,01,food,True,10/2031,2015-07-09,2016-02-26,350,350,4573,PURCHASE,,69.91,,,,,,False,False
832203315,832203315,2500.0,2379.83,2016-02-29T19:41:32,5.1,Franks Sandwitch Bar,US,US,09,08,food,True,03/2023,2015-07-09,2016-02-26,350,350,4573,PURCHASE,,120.17,,,,,,False,False
832203315,832203315,2500.0,2500.0,2016-03-01T23:03:28,0.13,Franks Pub #829873,US,US,05,01,food,True,01/2020,2015-07-09,2016-02-26,350,350,4573,PURCHASE,,0.0,,,,,,False,False
832203315,832203315,2500.0,2499.87,2016-03-02T16:49:04,38.31,Best Deli #329705,US,US,80,01,food,False,08/2027,2015-07-09,2016-02-26,350,350,4573,PURCHASE,,0.13,,,,,,False,False
832203315,832203315,2500.0,2461.56,2016-03-03T08:47:41,90.28,Dinosaur Sandwitch Bar #08794,US,US,09,01,food,True,01/2021,2015-07-09,2016-02-26,350,350,4573,PURCHASE,,38.44,,,,,,False,False
832203315,832203315,2500.0,2371.28,2016-03-03T12:42:37,29.6,South Steakhouse #481929,US,US,02,01,food,True,03/2028,2015-07-09,2016-02-26,350,350,4573,PURCHASE,,128.72,,,,,,False,False
832203315,832203315,2500.0,2341.68,2016-03-03T17:22:33,31.9,Franks Pub #960098,,US,05,01,food,True,01/2022,2015-07-09,2016-02-26,350,350,4573,PURCHASE,,158.32,,,,,,False,False
832203315,832203315,2500.0,2309.78,2016-03-03T22:05:26,100.29,Best Deli #329705,US,US,05,01,food,True,10/2022,2015-07-09,2016-02-26,350,350,4573,PURCHASE,,190.22,,,,,,False,False
832203315,832203315,2500.0,2209.49,2016-03-04T07:13:23,23.35,Dinosaur Sandwitch Bar #08794,US,US,02,01,food,True,12/2024,2015-07-09,2016-02-26,350,350,4573,PURCHASE,,290.51,,,,,,False,False
832203315,832203315,2500.0,2186.14,2016-03-04T14:16:59,142.08,Ray's Fries #153092,US,US,09,08,food,True,05/2026,2015-07-09,2016-02-26,350,350,4573,PURCHASE,,313.86,,,,,,False,False
832203315,832203315,2500.0,2044.06,2016-03-05T06:49:28,506.6,Dinosaur Restaurant,US,US,02,01,food,True,09/2021,2015-07-09,2016-02-26,350,350,4573,PURCHASE,,455.94,,,,,,False,False
832203315,832203315,2500.0,1537.46,2016-03-05T15:06:14,6.99,Boston Cafe #105215,US,US,09,01,food,True,12/2022,2015-07-09,2016-02-26,350,350,4573,PURCHASE,,962.54,,,,,,False,False
832203315,832203315,2500.0,1530.47,2016-03-06T14:07:06,64.66,1st Pub,US,US,02,01,food,True,02/2020,2015-07-09,2016-02-26,350,350,4573,PURCHASE,,969.53,,,,,,False,False
832203315,832203315,2500.0,1465.81,2016-03-06T22:02:20,301.41,LES Pizza,US,US,09,08,food,True,06/2031,2015-07-09,2016-02-26,350,350,4573,PURCHASE,,1034.19,,,,,,False,False
832203315,832203315,2500.0,1164.4,2016-03-06T22:22:21,31.63,discount.com,US,US,02,01,online_retail,False,02/2020,2015-07-09,2016-02-26,350,350,4573,PURCHASE,,1335.6,,,,,,False,False
832203315,832203315,2500.0,1132.77,2016-03-07T06:29:04,316.55,34th Diner,US,US,05,01,food,True,02/2026,2015-07-09,2016-02-26,350,350,4573,PURCHASE,,1367.23,,,,,,False,False
832203315,832203315,2500.0,816.22,2016-03-07T08:42:13,18.54,Franks Pub #960098,US,US,09,01,food,True,12/2032,2015-07-09,2016-02-26,350,350,4573,PURCHASE,,1683.78,,,,,,False,False
832203315,832203315,2500.0,797.68,2016-03-08T23:19:21,297.04,Downtown Diner,US,US,09,01,food,True,05/2030,2015-07-09,2016-02-26,350,350,4573,PURCHASE,,1702.32,,,,,,False,False
832203315,832203315,2500.0,500.64,2016-03-09T00:41:30,82.43,Boston Diner,US,US,05,01,food,True,02/2022,2015-07-09,2016-02-26,350,350,4573,PURCHASE,,1999.36,,,,,,False,False
832203315,832203315,2500.0,418.21,2016-03-09T14:34:25,167.05,Franks Cafe,US,US,05,01,food,True,06/2024,2015-07-09,2016-02-26,350,350,4573,PURCHASE,,2081.79,,,,,,False,False
832203315,832203315,2500.0,251.16,2016-03-10T21:12:45,0.78,Best Bistro #262998,US,US,05,99,food,True,04/2021,2015-07-09,2016-02-26,350,350,4573,PURCHASE,,2248.84,,,,,,False,False
832203315,832203315,2500.0,250.38,2016-03-11T18:32:36,39.49,Best Bistro #262998,US,US,05,01,food,True,10/2031,2015-07-09,2016-02-26,350,350,4573,PURCHASE,,2249.62,,,,,,False,False
832203315,832203315,2500.0,210.89,2016-03-12T02:37:52,53.4,John's Bistro,US,US,05,01,food,True,02/2023,2015-07-09,2016-02-26,350,350,4573,PURCHASE,,2289.11,,,,,,False,False
832203315,832203315,2500.0,157.49,2016-03-12T11:31:02,269.31,South Drive in,US,US,05,01,food,True,08/2021,2015-07-09,2016-02-26,350,350,4573,PURCHASE,,2342.51,,,,,,False,False
832203315,832203315,2500.0,1345.52,2016-03-12T14:20:33,88.95,South Steakhouse #796913,US,US,09,01,food,True,09/2028,2015-07-09,2016-02-26,350,350,4573,PURCHASE,,1154.48,,,,,,False,False
832203315,832203315,2500.0,1256.57,2016-03-12T15:48:13,98.66,South Steakhouse #335249,US,US,05,01,food,True,01/2024,2015-07-09,2016-02-26,350,350,4573,PURCHASE,,1243.43,,,,,,False,False
832203315,832203315,2500.0,1157.91,2016-03-13T07:08:50,12.38,34th BBQ #192302,US,US,09,01,food,True,08/2027,2015-07-09,2016-02-26,350,350,4573,PURCHASE,,1342.09,,,,,,False,False
832203315,832203315,2500.0,1145.53,2016-03-13T13:44:48,28.1,Franks Pub #86033,US,US,05,01,food,True,11/2021,2015-07-09,2016-02-26,350,350,4573,PURCHASE,,1354.47,,,,,,False,False
832203315,832203315,2500.0,1117.43,2016-03-13T13:46:13,28.1,Franks Pub #86033,US,US,05,01,food,True,11/2021,2015-07-09,2016-02-26,350,350,4573,PURCHASE,,1382.57,,,,,,False,False
832203315,832203315,2500.0,1089.33,2016-03-13T22:52:57,40.47,ebay.com,US,US,09,08,online_retail,False,05/2023,2015-07-09,2016-02-26,350,350,4573,PURCHASE,,1410.67,,,,,,False,False
832203315,832203315,2500.0,1048.86,2016-03-14T02:08:04,1.55,1st Sandwitch Bar #801388,US,US,02,01,food,True,08/2022,2015-07-09,2016-02-26,350,350,4573,PURCHASE,,1451.14,,,,,,False,False
832203315,832203315,2500.0,1047.31,2016-03-14T07:05:27,0.0,1st Sandwitch Bar #758805,US,US,09,01,food,False,10/2032,2015-07-09,2016-02-26,350,350,4573,ADDRESS_VERIFICATION,,1452.69,,,,,,False,False
832203315,832203315,2500.0,1047.31,2016-03-15T07:40:12,62.79,1st BBQ,US,US,02,01,food,True,01/2033,2015-07-09,2016-02-26,350,350,4573,PURCHASE,,1452.69,,,,,,False,False
832203315,832203315,2500.0,984.52,2016-03-16T10:00:13,133.48,Uptown Diner,US,US,05,08,food,True,01/2025,2015-07-09,2016-02-26,350,350,4573,PURCHASE,,1515.48,,,,,,False,False
832203315,832203315,2500.0,851.04,2016-03-16T13:48:24,182.48,Franks Pub #960098,US,US,02,01,food,True,05/2024,2015-07-09,2016-02-26,350,350,4573,PURCHASE,,1648.96,,,,,,False,False
832203315,832203315,2500.0,668.56,2016-03-16T17:13:27,101.87,Dinosaur Fries,US,US,02,08,food,True,06/2022,2015-07-09,2016-02-26,350,350,4573,PURCHASE,,1831.44,,,,,,False,False
832203315,832203315,2500.0,566.69,2016-03-17T02:49:00,3.03,Uptown Diner,US,US,02,01,food,False,05/2022,2015-07-09,2016-02-26,350,350,4573,PURCHASE,,1933.31,,,,,,False,False
832203315,832203315,2500.0,563.66,2016-03-17T13:12:36,203.62,Dinosaur Sandwitch Bar #08794,US,US,02,01,food,True,04/2030,2015-07-09,2016-02-26,350,350,4573,PURCHASE,,1936.34,,,,,,False,False
832203315,832203315,2500.0,360.04,2016-03-17T21:38:13,172.62,Boston Fries,US,US,02,01,food,True,10/2026,2015-07-09,2016-02-26,350,350,4573,PURCHASE,,2139.96,,,,,,False,False
832203315,832203315,2500.0,187.42,2016-03-18T23:05:49,187.59,Best Deli #109276,US,US,05,01,food,True,07/2029,2015-07-09,2016-02-26,350,350,4573,PURCHASE,,2312.58,,,,,,False,False
832203315,832203315,2500.0,153.5,2016-03-20T04:01:37,230.73,Uptown BBQ,US,US,05,01,food,True,08/2021,2015-07-09,2016-03-18,350,350,4573,PURCHASE,,2346.5,,,,,,False,False
832203315,832203315,2500.0,840.65,2016-03-20T06:56:19,131.55,walmart.com,US,US,05,01,online_retail,False,07/2033,2015-07-09,2016-03-18,350,350,4573,PURCHASE,,1659.35,,,,,,False,False
832203315,832203315,2500.0,709.1,2016-03-20T09:48:21,138.63,South Sandwitch Bar,US,US,02,08,food,True,07/2027,2015-07-09,2016-03-18,350,350,4573,PURCHASE,,1790.9,,,,,,False,False
832203315,832203315,2500.0,570.47,2016-03-21T06:49:15,31.17,Uptown Steakhouse,US,US,09,08,food,True,07/2023,2015-07-09,2016-03-18,350,350,4573,PURCHASE,,1929.53,,,,,,False,False
832203315,832203315,2500.0,539.3,2016-03-22T22:13:52,390.1,South Steakhouse #157238,US,US,09,08,food,True,08/2031,2015-07-09,2016-03-18,350,350,4573,PURCHASE,,1960.7,,,,,,False,False
832203315,832203315,2500.0,149.2,2016-03-22T22:58:00,41.43,Dinosaur Sandwitch Bar #303701,US,US,05,01,food,True,05/2030,2015-07-09,2016-03-18,350,350,4573,PURCHASE,,2350.8,,,,,,False,False
832203315,832203315,2500.0,2384.77,2016-03-23T14:03:40,98.34,Uptown Fries,US,US,05,01,food,True,04/2027,2015-07-09,2016-03-18,350,350,4573,PURCHASE,,115.23,,,,,,False,False
832203315,832203315,2500.0,2286.43,2016-03-23T21:42:36,275.94,Downtown Sandwitch Bar,,US,09,01,food,True,09/2024,2015-07-09,2016-03-18,350,350,4573,PURCHASE,,213.57,,,,,,False,False
832203315,832203315,2500.0,2010.49,2016-03-24T05:13:41,39.61,Ray's Fries #892291,US,US,02,01,food,True,10/2021,2015-07-09,2016-03-18,350,350,4573,PURCHASE,,489.51,,,,,,False,False
832203315,832203315,2500.0,1970.88,2016-03-24T08:44:10,41.68,Best Deli #109276,US,US,09,08,food,True,01/2021,2015-07-09,2016-03-18,350,350,4573,PURCHASE,,529.12,,,,,,False,False
832203315,832203315,2500.0,1929.2,2016-03-24T23:22:56,28.47,Uptown Diner,US,US,09,01,food,True,11/2029,2015-07-09,2016-03-18,350,350,4573,PURCHASE,,570.8,,,,,,False,False
832203315,832203315,2500.0,1900.73,2016-03-25T01:14:03,305.96,34th BBQ #436606,US,US,02,08,food,True,08/2027,2015-07-09,2016-03-18,350,350,4573,PURCHASE,,599.27,,,,,,False,False
832203315,832203315,2500.0,1594.77,2016-03-25T19:14:56,17.25,Best Deli #316476,US,US,02,08,food,True,10/2032,2015-07-09,2016-03-18,350,350,4573,PURCHASE,,905.23,,,,,,False,False
832203315,832203315,2500.0,1577.52,2016-03-25T20:05:39,299.82,walmart.com,US,US,05,01,online_retail,False,12/2028,2015-07-09,2016-03-18,350,350,4573,PURCHASE,,922.48,,,,,,False,False
832203315,832203315,2500.0,1277.7,2016-03-26T10:52:57,44.71,South Drive in,US,US,09,01,food,True,08/2023,2015-07-09,2016-03-18,350,350,4573,PURCHASE,,1222.3,,,,,,False,False
832203315,832203315,2500.0,1232.99,2016-03-27T14:00:48,199.0,1st Pub,US,US,05,01,food,True,06/2023,2015-07-09,2016-03-18,350,350,4573,PURCHASE,,1267.01,,,,,,False,False
832203315,832203315,2500.0,1033.99,2016-03-27T14:02:28,199.0,1st Pub,US,US,05,01,food,True,06/2023,2015-07-09,2016-03-18,350,350,4573,REVERSAL,,1466.01,,,,,,False,False
832203315,832203315,2500.0,1232.99,2016-03-28T06:14:11,422.1,1st Sandwitch Bar #941288,US,US,05,01,food,True,09/2023,2015-07-09,2016-03-18,350,350,4573,PURCHASE,,1267.01,,,,,,False,False
832203315,832203315,2500.0,810.89,2016-03-28T06:41:16,388.07,South Cafe,US,US,09,01,food,True,12/2024,2015-07-09,2016-03-18,350,350,4573,PURCHASE,,1689.11,,,,,,False,False
832203315,832203315,2500.0,422.82,2016-03-28T17:35:42,45.76,Downtown Pub,US,US,09,01,food,True,03/2023,2015-07-09,2016-03-18,350,350,4573,PURCHASE,,2077.18,,,,,,False,False
832203315,832203315,2500.0,377.06,2016-03-28T20:25:25,310.45,South Steakhouse #253522,US,US,02,01,food,True,09/2032,2015-07-09,2016-03-18,350,350,4573,PURCHASE,,2122.94,,,,,,False,False
832203315,832203315,2500.0,199.12,2016-03-28T22:52:34,14.95,Downtown Diner,US,US,05,01,food,True,07/2029,2015-07-09,2016-03-18,350,350,4573,PURCHASE,,2300.88,,,,,,False,False
832203315,832203315,2500.0,184.17,2016-03-29T00:59:56,91.71,Annies Fries,US,US,05,01,food,True,02/2025,2015-07-09,2016-03-18,350,350,4573,PURCHASE,,2315.83,,,,,,False,False
832203315,832203315,2500.0,451.64,2016-03-30T09:49:34,90.94,Franks Restaurant,US,US,09,01,food,True,04/2027,2015-07-09,2016-03-18,350,350,4573,PURCHASE,,2048.36,,,,,,False,False
832203315,832203315,2500.0,360.7,2016-03-31T02:52:38,95.06,Franks Pub #960098,US,US,05,01,food,True,08/2024,2015-07-09,2016-03-18,350,350,4573,PURCHASE,,2139.3,,,,,,False,False
832203315,832203315,2500.0,265.64,2016-03-31T02:54:52,95.06,Franks Pub #960098,US,US,05,01,food,True,08/2024,2015-07-09,2016-03-18,350,350,4573,PURCHASE,,2234.36,,,,,,False,False
832203315,832203315,2500.0,170.58,2016-03-31T10:46:18,185.26,sears.com,US,US,02,01,online_retail,False,06/2027,2015-07-09,2016-03-18,350,350,4573,PURCHASE,,2329.42,,,,,,False,False
832203315,832203315,2500.0,1140.77,2016-03-31T19:49:48,8.75,34th BBQ #436606,US,US,05,01,food,True,03/2021,2015-07-09,2016-03-18,350,350,4573,PURCHASE,,1359.23,,,,,,False,False
832203315,832203315,2500.0,1132.02,2016-03-31T22:57:04,119.48,1st Sandwitch Bar #772439,US,US,05,01,food,True,06/2028,2015-07-09,2016-03-18,350,350,4573,PURCHASE,,1367.98,,,,,,False,False
832203315,832203315,2500.0,2500.0,2016-04-01T14:26:21,207.22,Best Bistro #44077,US,US,05,01,food,True,12/2022,2015-07-09,2016-03-18,350,350,4573,PURCHASE,,0.0,,,,,,False,False
832203315,832203315,2500.0,2292.78,2016-04-01T14:27:51,207.22,Best Bistro #44077,US,US,05,01,food,True,12/2022,2015-07-09,2016-03-18,350,350,4573,PURCHASE,,207.22,,,,,,False,False
832203315,832203315,2500.0,2085.56,2016-04-02T22:47:21,50.22,Uptown Diner,US,US,05,01,food,True,09/2020,2015-07-09,2016-03-18,350,350,4573,PURCHASE,,414.44,,,,,,False,False
832203315,832203315,2500.0,2035.34,2016-04-03T00:29:36,297.17,1st Sandwitch Bar #801388,US,US,09,01,food,True,04/2022,2015-07-09,2016-03-18,350,350,4573,PURCHASE,,464.66,,,,,,False,False
832203315,832203315,2500.0,1738.17,2016-04-03T02:57:31,407.3,34th BBQ #436606,US,US,02,01,food,True,03/2033,2015-07-09,2016-03-18,350,350,4573,PURCHASE,,761.83,,,,,,False,False
832203315,832203315,2500.0,1330.87,2016-04-03T08:14:27,18.19,Best Deli #100511,US,US,02,01,food,False,05/2029,2015-07-09,2016-03-18,350,350,4573,PURCHASE,,1169.13,,,,,,False,False
832203315,832203315,2500.0,1312.68,2016-04-03T21:32:11,172.69,Ray's Fries #153092,US,US,02,01,food,True,05/2029,2015-07-09,2016-03-18,350,350,4573,PURCHASE,,1187.32,,,,,,False,False
832203315,832203315,2500.0,1139.99,2016-04-04T08:27:04,569.26,South Steakhouse #378389,US,US,09,08,food,True,05/2023,2015-07-09,2016-03-18,350,350,4573,PURCHASE,,1360.01,,,,,,False,False
832203315,832203315,2500.0,570.73,2016-04-04T12:09:43,33.26,Franks Pub #960098,US,US,05,01,food,True,06/2021,2015-07-09,2016-03-18,350,350,4573,PURCHASE,,1929.27,,,,,,False,False
832203315,832203315,2500.0,537.47,2016-04-05T04:14:15,378.45,Best Fries,US,US,09,01,food,True,10/2031,2015-07-09,2016-03-18,350,350,4573,PURCHASE,,1962.53,,,,,,False,False
832203315,832203315,2500.0,159.02,2016-04-05T15:28:55,56.29,sears.com,US,US,02,01,online_retail,False,11/2022,2015-07-09,2016-03-18,350,350,4573,PURCHASE,,2340.98,,,,,,False,False
832203315,832203315,2500.0,1028.31,2016-04-05T20:53:29,159.59,1st Sandwitch Bar #941288,US,US,02,01,food,True,06/2027,2015-07-09,2016-03-18,350,350,4573,PURCHASE,,1471.69,,,,,,False,False
832203315,832203315,2500.0,868.72,2016-04-06T00:35:47,375.99,South Steakhouse #796913,US,US,05,08,food,True,10/2029,2015-07-09,2016-03-18,350,350,4573,PURCHASE,,1631.28,,,,,,False,False
832203315,832203315,2500.0,492.73,2016-04-06T06:34:42,150.39,Ray's Fries #745083,US,US,02,01,food,True,03/2025,2015-07-09,2016-03-18,350,350,4573,PURCHASE,,2007.27,,,,,,False,False
832203315,832203315,2500.0,342.34,2016-04-06T09:18:48,39.98,Franks Pub #632075,US,US,09,01,food,True,10/2022,2015-07-09,2016-03-18,350,350,4573,PURCHASE,,2157.66,,,,,,False,False
832203315,832203315,2500.0,302.36,2016-04-06T11:20:26,80.18,Franks Pub #755509,US,US,09,99,food,True,02/2027,2015-07-09,2016-03-18,350,350,4573,PURCHASE,,2197.64,,,,,,False,False
832203315,832203315,2500.0,222.18,2016-04-07T20:07:51,340.49,Ray's Fries #153092,US,US,05,01,food,True,09/2029,2015-07-09,2016-03-18,350,350,4573,PURCHASE,,2277.82,,,,,,False,False
832203315,832203315,2500.0,2126.01,2016-04-08T08:29:15,41.03,Franks Deli,US,US,02,01,food,True,12/2021,2015-07-09,2016-03-18,350,350,4573,PURCHASE,,373.99,,,,,,False,False
832203315,832203315,2500.0,2084.98,2016-04-08T16:55:18,50.46,Boston Pub,US,US,09,01,food,True,02/2029,2015-07-09,2016-03-18,350,350,4573,PURCHASE,,415.02,,,,,,False,False
832203315,832203315,2500.0,2034.52,2016-04-12T02:07:57,267.19,South Drive in,US,US,09,01,food,True,07/2020,2015-07-09,2016-03-18,350,350,4573,PURCHASE,,465.48,,,,,,False,False
832203315,832203315,2500.0,1767.33,2016-04-12T07:34:43,101.2,1st Sandwitch Bar #772439,US,US,05,08,food,True,05/2020,2015-07-09,2016-03-18,350,350,4573,PURCHASE,,732.67,,,,,,False,False
832203315,832203315,2500.0,1666.13,2016-04-12T17:57:26,191.74,South Cafe,US,US,09,01,food,True,04/2022,2015-07-09,2016-03-18,350,350,4573,PURCHASE,,833.87,,,,,,False,False
832203315,832203315,2500.0,1474.39,2016-04-12T18:53:17,80.6,1st Sandwitch Bar #801388,US,US,05,99,food,True,09/2021,2015-07-09,2016-03-18,350,350,4573,PURCHASE,,1025.61,,,,,,False,False
832203315,832203315,2500.0,1393.79,2016-04-13T14:03:18,22.79,Dinosaur Sandwitch Bar #160554,US,US,02,01,food,True,09/2027,2015-07-09,2016-03-18,350,350,4573,PURCHASE,,1106.21,,,,,,False,False
832203315,832203315,2500.0,1371.0,2016-04-13T16:00:49,518.57,sears.com,US,US,05,01,online_retail,False,05/2022,2015-07-09,2016-03-18,350,350,4573,PURCHASE,,1129.0,,,,,,False,False
832203315,832203315,2500.0,852.43,2016-04-15T04:01:45,3.55,1st Sandwitch Bar #941288,US,US,05,01,food,True,02/2029,2015-07-09,2016-03-18,350,350,4573,PURCHASE,,1647.57,,,,,,False,False
832203315,832203315,2500.0,848.88,2016-04-15T18:41:18,21.42,Franks Pub #53336,US,US,09,08,food,True,05/2027,2015-07-09,2016-03-18,350,350,4573,PURCHASE,,1651.12,,,,,,False,False
832203315,832203315,2500.0,827.46,2016-04-16T04:43:38,124.69,John's Cafe,US,US,02,01,food,True,04/2032,2015-07-09,2016-03-18,350,350,4573,PURCHASE,,1672.54,,,,,,False,False
832203315,832203315,2500.0,702.77,2016-04-16T15:13:59,321.17,Boston Diner,US,US,02,01,food,True,06/2021,2015-07-09,2016-03-18,350,350,4573,PURCHASE,,1797.23,,,,,,False,False
832203315,832203315,2500.0,381.6,2016-04-16T18:40:31,137.4,34th BBQ #192302,US,US,05,01,food,True,04/2027,2015-07-09,2016-03-18,350,350,4573,PURCHASE,,2118.4,,,,,,False,False
832203315,832203315,2500.0,244.2,2016-04-16T22:39:44,25.95,Dinosaur Sandwitch Bar #303701,US,US,80,01,food,True,05/2032,2015-07-09,2016-03-18,350,350,4573,PURCHASE,,2255.8,,,,,,False,False
832203315,832203315,2500.0,218.25,2016-04-17T18:12:09,147.65,1st Sandwitch Bar #758805,US,US,09,01,food,True,10/2026,2015-07-09,2016-03-18,350,350,4573,PURCHASE,,2281.75,,,,,,False,False
832203315,832203315,2500.0,1042.88,2016-04-17T21:33:16,64.95,Boston Cafe #592935,US,US,05,01,food,True,08/2032,2015-07-09,2016-03-18,350,350,4573,PURCHASE,,1457.12,,,,,,False,False
832203315,832203315,2500.0,977.93,2016-04-18T00:53:52,279.3,Franks Pub #755509,US,US,05,01,food,True,03/2027,2015-07-09,2016-03-18,350,350,4573,PURCHASE,,1522.07,,,,,,False,False
832203315,832203315,2500.0,698.63,2016-04-18T09:10:42,108.95,34th BBQ #493821,US,US,02,01,food,False,05/2032,2015-07-09,2016-03-18,350,350,4573,PURCHASE,,1801.37,,,,,,False,False
832203315,832203315,2500.0,589.68,2016-04-18T16:27:13,491.03,Boston Diner,US,US,02,01,food,True,03/2029,2015-07-09,2016-03-18,350,350,4573,PURCHASE,,1910.32,,,,,,False,False
832203315,832203315,2500.0,2247.93,2016-04-18T20:07:16,120.87,Best Pub,US,US,05,08,food,True,03/2032,2015-07-09,2016-03-18,350,350,4573,PURCHASE,,252.07,,,,,,False,False
832203315,832203315,2500.0,2127.06,2016-04-19T05:45:17,556.18,Downtown Pub,US,US,05,01,food,True,07/2025,2015-07-09,2016-03-18,350,330,4573,PURCHASE,,372.94,,,,,,False,False
832203315,832203315,2500.0,1570.88,2016-04-19T05:47:26,35.35,Boston Bistro,US,US,09,08,food,True,03/2022,2015-07-09,2016-03-18,350,350,4573,PURCHASE,,929.12,,,,,,False,False
832203315,832203315,2500.0,1535.53,2016-04-19T09:11:56,416.28,South Sandwitch Bar,US,US,09,01,food,True,10/2020,2015-07-09,2016-03-18,350,350,4573,PURCHASE,,964.47,,,,,,False,False
832203315,832203315,2500.0,1119.25,2016-04-19T11:01:06,273.87,Boston Cafe #465229,US,US,05,08,food,True,12/2020,2015-07-09,2016-03-18,350,350,4573,PURCHASE,,1380.75,,,,,,False,False
832203315,832203315,2500.0,845.38,2016-04-19T11:01:36,273.87,Boston Cafe #465229,US,US,05,08,food,True,12/2020,2015-07-09,2016-03-18,350,350,4573,REVERSAL,,1654.62,,,,,,False,False
832203315,832203315,2500.0,1119.25,2016-04-19T12:32:40,277.56,South Drive in,US,US,02,01,food,True,02/2027,2015-07-09,2016-03-18,350,350,4573,PURCHASE,,1380.75,,,,,,False,False
832203315,832203315,2500.0,841.69,2016-04-20T15:28:03,12.91,amazon.com,US,US,05,08,online_retail,False,02/2026,2015-07-09,2016-03-18,350,350,4573,PURCHASE,,1658.31,,,,,,False,False
832203315,832203315,2500.0,828.78,2016-04-20T22:50:49,18.19,Best Deli #100511,US,US,02,01,food,False,05/2029,2015-07-09,2016-03-18,350,350,4573,REVERSAL,,1671.22,,,,,,False,False
832203315,832203315,2500.0,846.97,2016-04-21T16:10:25,130.77,34th BBQ #166379,US,US,05,01,food,True,01/2028,2015-07-09,2016-03-18,350,350,4573,PURCHASE,,1653.03,,,,,,False,False
832203315,832203315,2500.0,716.2,2016-04-21T17:25:04,14.54,South Steakhouse #481929,US,US,09,01,food,True,06/2029,2015-07-09,2016-03-18,350,350,4573,PURCHASE,,1783.8,,,,,,False,False
832203315,832203315,2500.0,701.66,2016-04-22T00:28:15,292.89,34th Pub,US,US,09,08,food,True,04/2026,2015-07-09,2016-03-18,350,350,4573,PURCHASE,,1798.34,,,,,,False,False
832203315,832203315,2500.0,408.77,2016-04-22T15:05:03,32.87,Franks Pub #960098,US,US,02,01,food,True,08/2029,2015-07-09,2016-03-18,350,350,4573,PURCHASE,,2091.23,,,,,,False,False
832203315,832203315,2500.0,375.9,2016-04-23T09:10:36,21.93,Ray's Fries #745083,US,US,02,01,food,True,04/2030,2015-07-09,2016-03-18,350,350,4573,PURCHASE,,2124.1,,,,,,False,False
832203315,832203315,2500.0,353.97,2016-04-23T22:36:14,4.56,Ray's Fries #61396,US,US,05,99,food,True,07/2030,2015-07-09,2016-03-18,350,350,4573,PURCHASE,,2146.03,,,,,,False,False
832203315,832203315,2500.0,349.41,2016-04-24T01:51:15,51.51,South BBQ,US,US,09,01,food,True,11/2031,2015-07-09,2016-03-18,350,350,4573,PURCHASE,,2150.59,,,,,,False,False
832203315,832203315,2500.0,297.9,2016-04-25T04:21:04,378.29,South Steakhouse #796913,US,US,05,01,food,True,03/2030,2015-07-09,2016-03-18,350,350,4573,PURCHASE,,2202.1,,,,,,False,False
832203315,832203315,2500.0,1780.25,2016-04-25T05:01:33,337.77,South Restaurant,US,US,09,08,food,True,10/2030,2015-07-09,2016-03-18,350,350,4573,PURCHASE,,719.75,,,,,,False,False
832203315,832203315,2500.0,1442.48,2016-04-25T07:11:01,26.69,South Steakhouse #485411,US,US,05,01,food,True,06/2029,2015-07-09,2016-03-18,350,350,4573,PURCHASE,,1057.52,,,,,,False,False
832203315,832203315,2500.0,1415.79,2016-04-25T19:27:48,116.73,Dinosaur Sandwitch Bar #160554,US,US,05,01,food,True,04/2026,2015-07-09,2016-03-18,350,350,4573,PURCHASE,,1084.21,,,,,,False,False
832203315,832203315,2500.0,1299.06,2016-04-25T19:55:28,496.78,34th BBQ #412895,US,US,09,08,food,True,01/2030,2015-07-09,2016-03-18,350,350,4573,PURCHASE,,1200.94,,,,,,False,False
832203315,832203315,2500.0,802.28,2016-04-26T06:15:27,13.04,John's Cafe,US,US,05,01,food,True,11/2031,2015-07-09,2016-03-18,350,350,4573,PURCHASE,,1697.72,,,,,,False,False
832203315,832203315,2500.0,789.24,2016-04-27T19:55:17,125.99,Franks Pub #755509,US,US,05,01,food,True,02/2033,2015-07-09,2016-03-18,350,350,4573,PURCHASE,,1710.76,,,,,,False,False
832203315,832203315,2500.0,663.25,2016-04-28T10:39:34,122.61,Uptown Steakhouse,US,US,02,01,food,True,09/2023,2015-07-09,2016-03-18,350,350,4573,PURCHASE,,1836.75,,,,,,False,False
832203315,832203315,2500.0,540.64,2016-04-29T21:37:53,38.46,Boston Diner,US,US,05,01,food,True,08/2025,2015-07-09,2016-03-18,350,350,4573,PURCHASE,,1959.36,,,,,,False,False
832203315,832203315,2500.0,502.18,2016-04-30T09:51:08,281.84,34th BBQ #214431,US,US,02,01,food,True,05/2028,2015-07-09,2016-03-18,350,350,4573,PURCHASE,,1997.82,,,,,,False,False
832203315,832203315,2500.0,220.34,2016-04-30T23:48:28,18.7,Best Bistro #262998,US,US,05,01,food,True,11/2028,2015-07-09,2016-03-18,350,350,4573,PURCHASE,,2279.66,,,,,,False,False
832203315,832203315,2500.0,2500.0,2016-05-01T07:36:23,17.05,John's Cafe,US,US,05,08,food,True,03/2025,2015-07-09,2016-03-18,350,350,4573,PURCHASE,,0.0,,,,,,False,False
832203315,832203315,2500.0,2482.95,2016-05-02T18:32:11,79.83,South BBQ,US,US,02,01,food,True,05/2021,2015-07-09,2016-03-18,350,350,4573,PURCHASE,,17.05,,,,,,False,False
832203315,832203315,2500.0,2403.12,2016-05-04T03:36:50,7.11,apple.com,US,US,02,08,online_retail,False,11/2030,2015-07-09,2016-03-18,350,350,4573,PURCHASE,,96.88,,,,,,False,False
832203315,832203315,2500.0,2396.01,2016-05-04T15:28:13,14.17,South Steakhouse #796913,US,US,09,01,food,True,05/2024,2015-07-09,2016-03-18,350,350,4573,PURCHASE,,103.99,,,,,,False,False
832203315,832203315,2500.0,2381.84,2016-05-04T15:28:43,14.17,South Steakhouse #796913,US,US,09,01,food,True,05/2024,2015-07-09,2016-03-18,350,350,4573,REVERSAL,,118.16,,,,,,False,False
832203315,832203315,2500.0,2396.01,2016-05-04T21:03:22,187.88,Boston Cafe #465229,US,US,05,01,food,True,11/2022,2015-07-09,2016-03-18,350,350,4573,PURCHASE,,103.99,,,,,,False,False
832203315,832203315,2500.0,2208.13,2016-05-05T00:58:20,31.13,34th BBQ #207369,US,US,09,08,food,True,11/2028,2015-07-09,2016-03-18,350,350,4573,PURCHASE,,291.87,,,,,,False,False
832203315,832203315,2500.0,2177.0,2016-05-05T18:18:00,124.69,John's Cafe,US,US,02,01,food,True,04/2032,2015-07-09,2016-03-18,350,350,4573,REVERSAL,,323.0,,,,,,False,False
832203315,832203315,2500.0,2301.69,2016-05-06T15:04:30,7.8,Franks Pub #87366,US,US,09,08,food,True,12/2030,2015-07-09,2016-03-18,350,350,4573,PURCHASE,,198.31,,,,,,False,False
832203315,832203315,2500.0,2293.89,2016-05-06T20:08:40,34.43,South Steakhouse #157238,US,US,09,08,food,True,05/2024,2015-07-09,2016-03-18,350,350,4573,PURCHASE,,206.11,,,,,,False,False
832203315,832203315,2500.0,2259.46,2016-05-07T00:12:47,14.89,Franks Deli,US,US,05,01,food,True,12/2024,2015-07-09,2016-03-18,350,350,4573,PURCHASE,,240.54,,,,,,False,False
832203315,832203315,2500.0,2244.57,2016-05-07T04:55:58,242.43,South Drive in,US,US,09,01,food,True,06/2032,2015-07-09,2016-03-18,350,350,4573,PURCHASE,,255.43,,,,,,False,False
832203315,832203315,2500.0,2002.14,2016-05-07T09:35:42,209.56,South Drive in,US,US,05,01,food,True,04/2030,2015-07-09,2016-03-18,350,350,4573,PURCHASE,,497.86,,,,,,False,False
832203315,832203315,2500.0,1792.58,2016-05-07T18:06:18,107.38,gap.com,US,US,09,01,online_retail,False,05/2023,2015-07-09,2016-03-18,350,350,4573,PURCHASE,,707.42,,,,,,False,False
832203315,832203315,2500.0,1685.2,2016-05-07T19:23:03,35.45,Ray's Fries #153092,US,US,09,01,food,True,03/2024,2015-07-09,2016-03-18,350,350,4573,PURCHASE,,814.8,,,,,,False,False
832203315,832203315,2500.0,1649.75,2016-05-08T09:10:42,40.14,Ray's Fries #61396,US,US,05,01,food,True,09/2021,2015-07-09,2016-03-18,350,350,4573,PURCHASE,,850.25,,,,,,False,False
832203315,832203315,2500.0,1609.61,2016-05-08T11:12:26,17.5,Franks Pub #829873,US,US,09,01,food,True,03/2026,2015-07-09,2016-03-18,350,350,4573,PURCHASE,,890.39,,,,,,False,False
832203315,832203315,2500.0,1592.11,2016-05-09T08:39:18,19.37,Best Pub,US,US,05,01,food,True,01/2027,2015-07-09,2016-03-18,350,350,4573,PURCHASE,,907.89,,,,,,False,False
832203315,832203315,2500.0,1572.74,2016-05-09T21:22:22,56.74,34th BBQ #493821,US,US,05,01,food,True,07/2033,2015-07-09,2016-03-18,350,350,4573,PURCHASE,,927.26,,,,,,False,False
832203315,832203315,2500.0,1516.0,2016-05-10T07:49:22,94.91,Uptown Cafe,US,US,05,01,food,True,04/2031,2015-07-09,2016-03-18,350,350,4573,PURCHASE,,984.0,,,,,,False,False
832203315,832203315,2500.0,1421.09,2016-05-10T18:09:37,169.75,34th BBQ #166379,US,US,05,01,food,True,02/2029,2015-07-09,2016-03-18,350,350,4573,PURCHASE,,1078.91,,,,,,False,False
832203315,832203315,2500.0,1251.34,2016-05-10T20:19:27,3.19,South Steakhouse #73819,US,US,09,01,food,True,05/2033,2015-07-09,2016-03-18,350,350,4573,PURCHASE,,1248.66,,,,,,False,False
832203315,832203315,2500.0,1248.15,2016-05-11T06:06:51,222.99,34th Pub,US,US,09,01,food,True,03/2026,2015-07-09,2016-03-18,350,350,4573,PURCHASE,,1251.85,,,,,,False,False
832203315,832203315,2500.0,1025.16,2016-05-11T19:04:02,13.56,34th BBQ #538716,US,US,05,01,food,True,03/2028,2015-07-09,2016-03-18,350,350,4573,PURCHASE,,1474.84,,,,,,False,False
832203315,832203315,2500.0,1011.6,2016-05-12T21:34:15,70.98,NY Deli,US,US,05,08,food,True,12/2031,2015-07-09,2016-03-18,350,350,4573,PURCHASE,,1488.4,,,,,,False,False
832203315,832203315,2500.0,940.62,2016-05-12T21:44:15,168.98,Dinosaur Fries,US,US,02,08,food,False,05/2020,2015-07-09,2016-03-18,350,350,4573,PURCHASE,,1559.38,,,,,,False,False
832203315,832203315,2500.0,771.64,2016-05-14T00:49:55,55.9,South Steakhouse #378389,US,US,02,08,food,True,06/2028,2015-07-09,2016-03-18,350,350,4573,PURCHASE,,1728.36,,,,,,False,False
832203315,832203315,2500.0,715.74,2016-05-14T01:00:05,35.64,34th BBQ #192302,US,US,05,01,food,True,10/2028,2015-07-09,2016-03-18,350,350,4573,PURCHASE,,1784.26,,,,,,False,False
832203315,832203315,2500.0,680.1,2016-05-14T10:11:42,579.03,Ray's Fries #745083,US,US,02,08,food,True,06/2026,2015-07-09,2016-03-18,350,350,4573,PURCHASE,,1819.9,,,,,,False,False
832203315,832203315,2500.0,2461.63,2016-05-14T11:00:45,593.57,Franks Pub #960098,US,US,09,08,food,True,12/2030,2015-07-09,2016-03-18,350,350,4573,PURCHASE,,38.37,,,,,,False,False
832203315,832203315,2500.0,1868.06,2016-05-14T18:44:04,25.3,Best Bistro #44077,US,US,02,01,food,True,04/2032,2015-07-09,2016-03-18,350,350,4573,PURCHASE,,631.94,,,,,,False,False
832203315,832203315,2500.0,1842.76,2016-05-14T19:15:22,328.84,Uptown Fries,US,US,05,01,food,True,06/2028,2015-07-09,2016-03-18,350,350,4573,PURCHASE,,657.24,,,,,,False,False
832203315,832203315,2500.0,1513.92,2016-05-14T21:04:09,54.22,Lyft,US,US,05,01,rideshare,False,11/2022,2015-07-09,2016-03-18,350,350,4573,PURCHASE,,986.08,,,,,,False,False
832203315,832203315,2500.0,1459.7,2016-05-15T22:40:50,224.87,Uptown BBQ,US,US,05,01,food,True,05/2028,2015-07-09,2016-03-18,350,350,4573,PURCHASE,,1040.3,,,,,,False,False
832203315,832203315,2500.0,1234.83,2016-05-16T05:25:35,14.56,34th BBQ #166379,US,US,09,01,food,True,08/2025,2015-07-09,2016-03-18,350,350,4573,PURCHASE,,1265.17,,,,,,False,False
832203315,832203315,2500.0,1220.27,2016-05-16T08:16:28,267.84,South Steakhouse #879581,,US,09,08,food,True,04/2023,2015-07-09,2016-03-18,350,350,4573,PURCHASE,,1279.73,,,,,,False,False
832203315,832203315,2500.0,952.43,2016-05-16T15:48:45,72.44,Uptown Fries,US,US,05,01,food,True,07/2022,2015-07-09,2016-03-18,350,350,4573,PURCHASE,,1547.57,,,,,,False,False
832203315,832203315,2500.0,879.99,2016-05-16T19:50:17,332.36,Dinosaur Restaurant,US,US,09,01,food,False,11/2020,2015-07-09,2016-03-18,350,350,4573,PURCHASE,,1620.01,,,,,,False,False
832203315,832203315,2500.0,547.63,2016-05-17T07:11:29,19.27,Ray's Fries #745083,US,US,02,01,food,True,04/2030,2015-07-09,2016-03-18,350,350,4573,REVERSAL,,1952.37,,,,,,False,False
832203315,832203315,2500.0,566.9,2016-05-17T10:02:49,28.5,Annies Fries,US,US,02,01,food,True,01/2024,2015-07-09,2016-03-18,350,350,4573,PURCHASE,,1933.1,,,,,,False,False
832203315,832203315,2500.0,538.4,2016-05-17T23:18:39,105.86,Dinosaur Sandwitch Bar #08794,US,US,05,01,food,True,10/2027,2015-07-09,2016-03-18,350,350,4573,PURCHASE,,1961.6,,,,,,False,False
832203315,832203315,2500.0,432.54,2016-05-17T23:40:54,7.41,South Steakhouse #481929,US,US,02,01,food,True,03/2026,2015-07-09,2016-03-18,350,350,4573,PURCHASE,,2067.46,,,,,,False,False
832203315,832203315,2500.0,425.13,2016-05-18T01:26:46,42.59,Boston Cafe #592935,US,US,02,01,food,True,11/2032,2015-07-09,2016-03-18,350,350,4573,PURCHASE,,2074.87,,,,,,False,False
832203315,832203315,2500.0,382.54,2016-05-18T09:30:22,17.29,Best Pub,US,US,05,01,food,True,01/2027,2015-07-09,2016-03-18,350,350,4573,REVERSAL,,2117.46,,,,,,False,False
832203315,832203315,2500.0,399.83,2016-05-18T10:58:54,109.94,Franks Pub #960098,US,US,09,01,food,True,12/2023,2015-07-09,2016-03-18,350,350,4573,PURCHASE,,2100.17,,,,,,False,False
832203315,832203315,2500.0,289.89,2016-05-18T15:59:42,0.06,Downtown BBQ,US,US,09,08,food,True,09/2024,2015-07-09,2016-03-18,350,350,4573,PURCHASE,,2210.11,,,,,,False,False
832203315,832203315,2500.0,289.83,2016-05-19T08:55:25,20.44,John's Cafe,US,US,05,01,food,True,12/2029,2015-07-09,2016-03-18,350,350,4573,PURCHASE,,2210.17,,,,,,False,False
832203315,832203315,2500.0,269.39,2016-05-19T20:19:59,57.96,South Steakhouse #73819,US,US,02,01,food,True,11/2027,2015-07-09,2016-03-18,350,350,4573,PURCHASE,,2230.61,,,,,,False,False
832203315,832203315,2500.0,211.43,2016-05-20T13:42:33,301.09,alibaba.com,US,US,09,01,online_retail,False,10/2026,2015-07-09,2016-03-18,350,350,4573,PURCHASE,,2288.57,,,,,,False,False
832203315,832203315,2500.0,495.71,2016-05-20T23:34:46,434.56,South Steakhouse #481929,US,US,02,08,food,True,02/2028,2015-07-09,2016-03-18,350,350,4573,PURCHASE,,2004.29,,,,,,False,False
832203315,832203315,2500.0,1771.41,2016-05-21T12:08:23,36.03,1st Pub,US,US,02,01,food,True,04/2031,2015-07-09,2016-03-18,350,350,4573,PURCHASE,,728.59,,,,,,False,False
832203315,832203315,2500.0,1735.38,2016-05-21T17:15:55,104.5,South Steakhouse #378389,US,US,09,01,food,False,01/2029,2015-07-09,2016-03-18,350,350,4573,PURCHASE,,764.62,,,,,,False,False
832203315,832203315,2500.0,1630.88,2016-05-21T17:41:04,168.42,Boston Cafe #465229,US,US,02,01,food,True,11/2029,2015-07-09,2016-03-18,350,350,4573,PURCHASE,,869.12,,,,,,False,False
832203315,832203315,2500.0,1462.46,2016-05-21T21:33:14,101.44,Franks Pub #53336,US,US,02,01,food,True,03/2023,2015-07-09,2016-03-18,350,350,4573,PURCHASE,,1037.54,,,,,,False,False
832203315,832203315,2500.0,1361.02,2016-05-22T06:51:59,139.03,1st Restaurant,US,US,02,01,food,True,08/2022,2015-07-09,2016-03-18,350,350,4573,PURCHASE,,1138.98,,,,,,False,False
832203315,832203315,2500.0,1221.99,2016-05-22T09:50:16,94.41,South Steakhouse #73819,US,US,02,01,food,True,06/2020,2015-07-09,2016-03-18,350,650,4573,PURCHASE,,1278.01,,,,,,False,False
832203315,832203315,2500.0,1127.58,2016-05-22T22:28:48,95.4,Uptown Diner,US,US,05,01,food,True,10/2028,2015-07-09,2016-03-18,350,350,4573,PURCHASE,,1372.42,,,,,,False,False
832203315,832203315,2500.0,1032.18,2016-05-23T05:24:51,350.01,South Steakhouse #253522,US,US,90,01,food,True,07/2025,2015-07-09,2016-03-18,350,350,4573,PURCHASE,,1467.82,,,,,,False,False
832203315,832203315,2500.0,682.17,2016-05-24T14:35:11,255.26,Best Deli #100511,US,US,09,01,food,True,12/2027,2015-07-09,2016-03-18,350,350,4573,PURCHASE,,1817.83,,,,,,False,False
832203315,832203315,2500.0,426.91,2016-05-24T23:44:36,66.49,Franks Pub #680641,US,US,80,01,food,True,02/2021,2015-07-09,2016-03-18,350,350,4573,PURCHASE,,2073.09,,,,,,False,False
832203315,832203315,2500.0,360.42,2016-05-25T09:04:56,117.17,1st Sandwitch Bar #758805,US,US,05,01,food,True,11/2032,2015-07-09,2016-03-18,350,350,4573,PURCHASE,,2139.58,,,,,,False,False
832203315,832203315,2500.0,243.25,2016-05-25T10:46:56,236.59,South Steakhouse #73819,US,US,02,01,food,True,03/2021,2015-07-09,2016-03-18,350,350,4573,PURCHASE,,2256.75,,,,,,False,False
832203315,832203315,2500.0,655.54,2016-05-25T10:47:07,236.59,South Steakhouse #73819,US,US,02,01,food,True,03/2021,2015-07-09,2016-03-18,350,350,4573,REVERSAL,,1844.46,,,,,,False,False
832203315,832203315,2500.0,892.13,2016-05-25T16:31:31,559.11,Franks Pub #680641,US,US,09,08,food,True,07/2023,2015-07-09,2016-03-18,350,350,4573,PURCHASE,,1607.87,,,,,,False,False
832203315,832203315,2500.0,333.02,2016-05-26T14:57:08,42.25,34th BBQ #538716,US,US,05,08,food,True,06/2027,2015-07-09,2016-03-18,350,350,4573,PURCHASE,,2166.98,,,,,,False,False
832203315,832203315,2500.0,290.77,2016-05-26T21:55:57,61.05,Franks Sandwitch Bar,US,US,05,01,food,True,02/2026,2015-07-09,2016-03-18,350,350,4573,PURCHASE,,2209.23,,,,,,False,False
832203315,832203315,2500.0,229.72,2016-05-26T22:20:38,278.2,South Restaurant,US,US,09,01,food,True,09/2027,2015-07-09,2016-03-18,350,350,4573,PURCHASE,,2270.28,,,,,,False,False
832203315,832203315,2500.0,1575.06,2016-05-27T01:10:09,15.46,Dinosaur Restaurant,US,US,05,01,food,True,02/2020,2015-07-09,2016-03-18,350,350,4573,PURCHASE,,924.94,,,,,,False,False
832203315,832203315,2500.0,1559.6,2016-05-27T03:25:33,1.95,cheapfast.com,US,US,09,01,online_retail,False,10/2020,2015-07-09,2016-03-18,350,350,4573,PURCHASE,,940.4,,,,,,False,False
832203315,832203315,2500.0,1557.65,2016-05-27T03:55:42,198.05,Best Deli #329705,US,US,09,01,food,True,10/2031,2015-07-09,2016-03-18,350,350,4573,PURCHASE,,942.35,,,,,,False,False
832203315,832203315,2500.0,1359.6,2016-05-27T04:06:48,426.53,ebay.com,US,US,05,01,online_retail,False,07/2030,2015-07-09,2016-03-18,350,350,4573,PURCHASE,,1140.4,,,,,,False,False
832203315,832203315,2500.0,933.07,2016-05-27T04:21:57,26.28,Boston Cafe #105215,US,US,02,01,food,True,01/2028,2015-07-09,2016-03-18,350,350,4573,PURCHASE,,1566.93,,,,,,False,False
832203315,832203315,2500.0,906.79,2016-05-28T14:20:53,155.61,Franks Pub #934222,US,US,09,08,food,True,05/2023,2015-07-09,2016-03-18,350,350,4573,PURCHASE,,1593.21,,,,,,False,False
832203315,832203315,2500.0,751.18,2016-05-28T21:49:42,648.78,Franks Pub #680641,US,US,02,01,food,True,04/2022,2015-07-09,2016-03-18,350,350,4573,PURCHASE,,1748.82,,,,,,False,False
832203315,832203315,2500.0,2324.36,2016-05-29T05:41:32,271.33,Dinosaur Fries,US,US,05,08,food,True,05/2022,2015-07-09,2016-03-18,350,350,4573,PURCHASE,,175.64,,,,,,False,False
832203315,832203315,2500.0,2053.03,2016-05-29T23:31:24,89.73,34th BBQ #192302,US,US,05,01,food,True,03/2023,2015-07-09,2016-03-18,350,350,4573,PURCHASE,,446.97,,,,,,False,False
832203315,832203315,2500.0,1963.3,2016-05-30T01:57:36,8.82,Best Deli #316476,US,US,09,01,food,True,07/2022,2015-07-09,2016-03-18,350,350,4573,PURCHASE,,536.7,,,,,,False,False
832203315,832203315,2500.0,1954.48,2016-05-30T09:53:31,28.87,Franks Pub #86033,US,US,05,01,food,True,07/2033,2015-07-09,2016-03-18,350,350,4573,PURCHASE,,545.52,,,,,,False,False
832203315,832203315,2500.0,1925.61,2016-05-30T14:57:05,244.81,1st Sandwitch Bar #772439,US,US,05,01,food,True,01/2023,2015-07-09,2016-03-18,350,350,4573,PURCHASE,,574.39,,,,,,False,False
832203315,832203315,2500.0,1680.8,2016-05-30T16:40:25,4.34,Best Deli #316476,US,US,05,01,food,True,11/2025,2015-07-09,2016-03-18,350,350,4573,PURCHASE,,819.2,,,,,,False,False
832203315,832203315,2500.0,1676.46,2016-05-30T20:32:14,0.0,Dinosaur Restaurant,,US,09,01,food,False,02/2032,2015-07-09,2016-03-18,350,350,4573,ADDRESS_VERIFICATION,,823.54,,,,,,False,False
832203315,832203315,2500.0,1676.46,2016-05-31T02:20:37,58.77,Franks Pub #87366,US,US,09,01,food,True,08/2022,2015-07-09,2016-03-18,350,350,4573,PURCHASE,,823.54,,,,,,False,False
832203315,832203315,2500.0,1617.69,2016-05-31T07:56:19,13.27,Annies Fries,US,US,05,01,food,True,04/2024,2015-07-09,2016-03-18,350,350,4573,PURCHASE,,882.31,,,,,,False,False
832203315,832203315,2500.0,1604.42,2016-05-31T12:33:52,187.83,Franks Pub #87366,US,US,05,01,food,True,04/2031,2015-07-09,2016-03-18,350,350,4573,PURCHASE,,895.58,,,,,,False,False
832203315,832203315,2500.0,1416.59,2016-05-31T14:43:35,43.09,1st Restaurant,US,US,09,01,food,True,02/2024,2015-07-09,2016-03-18,350,350,4573,PURCHASE,,1083.41,,,,,,False,False
832203315,832203315,2500.0,2500.0,2016-06-03T01:34:07,30.81,South Restaurant,US,US,09,01,food,True,08/2032,2015-07-09,2016-03-18,350,350,4573,PURCHASE,,0.0,,,,,,False,False
832203315,832203315,2500.0,2469.19,2016-06-03T16:32:51,0.0,NY Deli,US,US,05,01,food,False,05/2027,2015-07-09,2016-03-18,350,350,4573,ADDRESS_VERIFICATION,,30.81,,,,,,False,False
832203315,832203315,2500.0,2469.19,2016-06-04T06:08:46,10.89,Best Fries,US,US,02,08,food,True,06/2020,2015-07-09,2016-03-18,350,350,4573,PURCHASE,,30.81,,,,,,False,False
832203315,832203315,2500.0,2458.3,2016-06-04T09:39:45,548.07,Boston Diner,US,US,09,01,food,True,09/2026,2015-07-09,2016-03-18,350,350,4573,PURCHASE,,41.7,,,,,,False,False
832203315,832203315,2500.0,1910.23,2016-06-04T14:25:00,167.67,Dinosaur Sandwitch Bar #160554,US,US,09,99,food,True,03/2026,2015-07-09,2016-03-18,350,350,4573,PURCHASE,,589.77,,,,,,False,False
832203315,832203315,2500.0,1742.56,2016-06-04T20:58:47,359.64,1st Pub,US,US,05,01,food,True,06/2031,2015-07-09,2016-03-18,350,350,4573,PURCHASE,,757.44,,,,,,False,False
832203315,832203315,2500.0,1382.92,2016-06-04T22:17:25,505.97,South Steakhouse #879581,US,US,02,01,food,True,04/2031,2015-07-09,2016-03-18,350,350,4573,PURCHASE,,1117.08,,,,,,False,False
832203315,832203315,2500.0,876.95,2016-06-05T11:15:13,197.58,South Steakhouse #335249,US,US,09,01,food,True,10/2024,2015-07-09,2016-03-18,350,350,4573,PURCHASE,,1623.05,,,,,,False,False
832203315,832203315,2500.0,679.37,2016-06-05T11:16:30,29.18,South Steakhouse #335249,US,US,09,01,food,True,10/2024,2015-07-09,2016-03-18,350,350,4573,REVERSAL,,1820.63,,,,,,False,False
832203315,832203315,2500.0,708.55,2016-06-05T23:26:18,94.41,South Steakhouse #73819,US,US,02,01,food,True,06/2020,2015-07-09,2016-03-18,350,650,4573,REVERSAL,,1791.45,,,,,,False,False
832203315,832203315,2500.0,802.96,2016-06-06T04:23:49,385.46,South Steakhouse #481929,US,US,02,01,food,True,05/2028,2015-07-09,2016-03-18,350,350,4573,PURCHASE,,1697.04,,,,,,False,False
832203315,832203315,2500.0,417.5,2016-06-06T07:10:32,49.3,John's Bistro,US,US,09,08,food,True,10/2032,2015-07-09,2016-03-18,350,350,4573,PURCHASE,,2082.5,,,,,,False,False
832203315,832203315,2500.0,368.2,2016-06-06T12:34:03,187.83,Franks Pub #87366,US,US,05,01,food,True,04/2031,2015-07-09,2016-03-18,350,350,4573,REVERSAL,,2131.8,,,,,,False,False
832203315,832203315,2500.0,556.03,2016-06-06T16:20:10,55.9,South Steakhouse #378389,US,US,02,08,food,True,06/2028,2015-07-09,2016-03-18,350,350,4573,REVERSAL,,1943.97,,,,,,False,False
832203315,832203315,2500.0,611.93,2016-06-06T16:59:02,638.2,34th Pub,US,US,02,08,food,True,03/2023,2015-07-09,2016-03-18,350,350,4573,PURCHASE,,1888.07,,,,,,False,False
832203315,832203315,2500.0,2244.46,2016-06-07T03:36:07,262.81,Dinosaur Sandwitch Bar #960325,US,US,05,01,food,True,09/2031,2015-07-09,2016-03-18,350,350,4573,PURCHASE,,255.54,,,,,,False,False
832203315,832203315,2500.0,1981.65,2016-06-08T06:03:18,14.05,Downtown BBQ,US,US,05,01,food,True,09/2032,2015-07-09,2016-03-18,350,350,4573,PURCHASE,,518.35,,,,,,False,False
832203315,832203315,2500.0,1967.6,2016-06-08T13:51:20,39.96,34th BBQ #538716,US,US,02,01,food,True,06/2020,2015-07-09,2016-03-18,350,350,4573,PURCHASE,,532.4,,,,,,False,False
832203315,832203315,2500.0,1927.64,2016-06-08T15:28:31,21.21,1st Sandwitch Bar #941288,US,US,05,01,food,True,01/2033,2015-07-09,2016-03-18,350,350,4573,PURCHASE,,572.36,,,,,,False,False
832203315,832203315,2500.0,1906.43,2016-06-09T11:06:04,50.78,Best Deli #329705,US,US,09,08,food,True,03/2028,2015-07-09,2016-03-18,350,350,4573,PURCHASE,,593.57,,,,,,False,False
832203315,832203315,2500.0,1855.65,2016-06-10T07:19:20,101.04,Boston Bistro,US,US,09,08,food,False,01/2020,2015-07-09,2016-03-18,350,350,4573,PURCHASE,,644.35,,,,,,False,False
832203315,832203315,2500.0,1754.61,2016-06-10T16:56:27,2.53,Best Bistro #262998,US,US,09,08,food,False,04/2033,2015-07-09,2016-03-18,350,350,4573,PURCHASE,,745.39,,,,,,False,False
832203315,832203315,2500.0,1752.08,2016-06-11T09:20:10,106.81,Boston Diner,US,US,02,01,food,True,02/2027,2015-07-09,2016-03-18,350,350,4573,PURCHASE,,747.92,,,,,,False,False
832203315,832203315,2500.0,1645.27,2016-06-11T13:10:18,13.27,Annies Fries,US,US,05,01,food,True,04/2024,2015-07-09,2016-03-18,350,350,4573,REVERSAL,,854.73,,,,,,False,False
832203315,832203315,2500.0,1658.54,2016-06-11T19:57:18,3.75,Uptown BBQ,US,US,05,01,food,True,02/2026,2015-07-09,2016-03-18,350,350,4573,PURCHASE,,841.46,,,,,,False,False
832203315,832203315,2500.0,1654.79,2016-06-12T10:08:51,399.05,34th Bistro,US,US,09,01,food,True,01/2032,2015-07-09,2016-03-18,350,350,4573,PURCHASE,,845.21,,,,,,False,False
832203315,832203315,2500.0,1255.74,2016-06-12T10:22:48,38.69,Best Bistro #44077,US,US,05,08,food,True,06/2033,2015-07-09,2016-03-18,350,350,4573,PURCHASE,,1244.26,,,,,,False,False
832203315,832203315,2500.0,1217.05,2016-06-12T15:06:21,51.03,South Steakhouse #73819,US,US,09,01,food,True,09/2020,2015-07-09,2016-03-18,350,350,4573,PURCHASE,,1282.95,,,,,,False,False
832203315,832203315,2500.0,1166.02,2016-06-13T05:16:18,103.02,Franks Sandwitch Bar,US,US,05,01,food,True,09/2028,2015-07-09,2016-03-18,350,350,4573,PURCHASE,,1333.98,,,,,,False,False
832203315,832203315,2500.0,1063.0,2016-06-13T10:13:27,194.08,South Steakhouse #157238,US,US,05,01,food,True,06/2031,2015-07-09,2016-03-18,350,350,4573,PURCHASE,,1437.0,,,,,,False,False
832203315,832203315,2500.0,868.92,2016-06-13T11:25:47,348.42,Franks Pub #829873,US,US,05,08,food,True,04/2032,2015-07-09,2016-03-18,350,350,4573,PURCHASE,,1631.08,,,,,,False,False
832203315,832203315,2500.0,520.5,2016-06-13T11:44:55,107.56,South Cafe,US,US,02,01,food,True,03/2029,2015-07-09,2016-03-18,350,350,4573,PURCHASE,,1979.5,,,,,,False,False
832203315,832203315,2500.0,412.94,2016-06-13T12:20:05,40.49,oldnavy.com,US,US,05,01,online_retail,False,12/2022,2015-07-09,2016-03-18,350,350,4573,PURCHASE,,2087.06,,,,,,False,False
832203315,832203315,2500.0,372.45,2016-06-14T17:34:33,10.44,Franks Pub #934222,US,US,05,01,food,True,09/2032,2015-07-09,2016-03-18,350,350,4573,PURCHASE,,2127.55,,,,,,False,False
832203315,832203315,2500.0,362.01,2016-06-14T22:08:24,271.79,Boston Pub,US,US,05,01,food,True,07/2033,2015-07-09,2016-03-18,350,350,4573,PURCHASE,,2137.99,,,,,,False,False
832203315,832203315,2500.0,730.66,2016-06-14T23:28:38,34.9,South Sandwitch Bar,US,US,02,01,food,True,02/2031,2015-07-09,2016-03-18,350,350,4573,PURCHASE,,1769.34,,,,,,False,False
832203315,832203315,2500.0,695.76,2016-06-15T07:54:05,19.63,Dinosaur Sandwitch Bar #303701,US,US,05,01,food,True,04/2023,2015-07-09,2016-03-18,350,350,4573,PURCHASE,,1804.24,,,,,,False,False
832203315,832203315,2500.0,676.13,2016-06-17T13:38:40,9.7,Franks Pub #53336,US,US,02,08,food,True,06/2024,2015-07-09,2016-06-17,350,350,4573,PURCHASE,,1823.87,,,,,,False,False
832203315,832203315,2500.0,666.43,2016-06-17T17:46:10,10.64,Best Deli #109276,US,US,02,01,food,True,11/2021,2015-07-09,2016-06-17,350,350,4573,PURCHASE,,1833.57,,,,,,False,False
832203315,832203315,2500.0,655.79,2016-06-17T20:51:28,19.7,amazon.com,US,US,09,01,online_retail,False,09/2031,2015-07-09,2016-06-17,350,350,4573,PURCHASE,,1844.21,,,,,,False,False
832203315,832203315,2500.0,636.09,2016-06-17T21:51:40,91.29,34th BBQ #493821,US,US,09,01,food,True,04/2024,2015-07-09,2016-06-17,350,350,4573,PURCHASE,,1863.91,,,,,,False,False
832203315,832203315,2500.0,544.8,2016-06-18T06:40:20,615.69,34th BBQ #412895,US,US,02,01,food,True,04/2025,2015-07-09,2016-06-17,350,350,4573,PURCHASE,,1955.2,,,,,,False,False
832203315,832203315,2500.0,846.37,2016-06-18T08:49:46,109.73,1st Sandwitch Bar #119707,US,US,09,01,food,True,05/2020,2015-07-09,2016-06-17,350,350,4573,PURCHASE,,1653.63,,,,,,False,False
832203315,832203315,2500.0,736.64,2016-06-19T04:24:58,354.32,Boston Bistro,US,US,09,01,food,True,08/2021,2015-07-09,2016-06-17,350,350,4573,PURCHASE,,1763.36,,,,,,False,False
832203315,832203315,2500.0,382.32,2016-06-20T01:16:29,6.75,1st Sandwitch Bar #941288,US,US,02,01,food,True,06/2027,2015-07-09,2016-06-17,350,350,4573,PURCHASE,,2117.68,,,,,,False,False
832203315,832203315,2500.0,375.57,2016-06-20T13:30:40,485.4,1st Sandwitch Bar #758805,US,US,05,01,food,True,05/2024,2015-07-09,2016-06-17,350,350,4573,PURCHASE,,2124.43,,,,,,False,False
832203315,832203315,2500.0,219.74,2016-06-20T21:24:18,125.48,Best Fries,US,US,05,01,food,True,02/2025,2015-07-09,2016-06-17,350,350,4573,PURCHASE,,2280.26,,,,,,False,False
832203315,832203315,2500.0,260.04,2016-06-21T11:48:31,14.9,Franks Pub #680641,US,US,05,01,food,True,01/2027,2015-07-09,2016-06-17,350,350,4573,PURCHASE,,2239.96,,,,,,False,False
832203315,832203315,2500.0,245.14,2016-06-21T18:01:26,217.22,Boston Fries,US,US,05,01,food,True,03/2033,2015-07-09,2016-06-17,350,350,4573,PURCHASE,,2254.86,,,,,,False,False
832203315,832203315,2500.0,986.49,2016-06-22T01:25:06,157.37,Ray's Fries #312615,US,US,02,01,food,True,12/2019,2015-07-09,2016-06-17,350,350,4573,PURCHASE,,1513.51,,,,,,False,False
832203315,832203315,2500.0,829.12,2016-06-22T03:09:12,238.76,South Steakhouse #481929,US,US,09,01,food,True,01/2027,2015-07-09,2016-06-17,350,350,4573,PURCHASE,,1670.88,,,,,,False,False
832203315,832203315,2500.0,590.36,2016-06-22T12:08:00,156.25,34th Pub,US,US,05,01,food,True,11/2020,2015-07-09,2016-06-17,350,350,4573,PURCHASE,,1909.64,,,,,,False,False
832203315,832203315,2500.0,434.11,2016-06-22T17:12:29,108.87,34th Diner,US,US,09,01,food,True,08/2020,2015-07-09,2016-06-17,350,350,4573,PURCHASE,,2065.89,,,,,,False,False
832203315,832203315,2500.0,325.24,2016-06-23T19:05:59,98.26,cheapfast.com,US,US,02,01,online_retail,False,02/2020,2015-07-09,2016-06-17,350,350,4573,PURCHASE,,2174.76,,,,,,False,False
832203315,832203315,2500.0,226.98,2016-06-23T19:40:57,79.64,Ray's Fries #61396,US,US,02,08,food,True,12/2020,2015-07-09,2016-06-17,350,350,4573,PURCHASE,,2273.02,,,,,,False,False
832203315,832203315,2500.0,147.34,2016-06-24T03:56:25,41.2,South Steakhouse #481929,US,US,02,01,food,True,03/2027,2015-07-09,2016-06-17,350,350,4573,PURCHASE,,2352.66,,,,,,False,False
832203315,832203315,2500.0,224.35,2016-06-25T16:11:24,0.0,Uptown Diner,,US,02,08,food,False,08/2023,2015-07-09,2016-06-17,350,350,4573,ADDRESS_VERIFICATION,,2275.65,,,,,,False,False
832203315,832203315,2500.0,224.35,2016-06-25T16:12:38,0.0,Uptown Diner,,US,02,08,food,False,08/2023,2015-07-09,2016-06-17,350,350,4573,ADDRESS_VERIFICATION,,2275.65,,,,,,False,False
832203315,832203315,2500.0,224.35,2016-06-25T20:41:11,212.62,discount.com,US,US,05,01,online_retail,False,04/2026,2015-07-09,2016-06-17,350,350,4573,PURCHASE,,2275.65,,,,,,False,False
832203315,832203315,2500.0,2254.04,2016-06-26T03:51:55,486.29,Boston Pub,US,US,02,01,food,True,08/2029,2015-07-09,2016-06-17,350,350,4573,PURCHASE,,245.96,,,,,,False,False
832203315,832203315,2500.0,1767.75,2016-06-27T22:18:28,29.54,Downtown Pub,US,US,09,01,food,True,03/2025,2015-07-09,2016-06-17,350,350,4573,PURCHASE,,732.25,,,,,,False,False
832203315,832203315,2500.0,1738.21,2016-06-28T06:05:24,8.69,Play Store,US,US,09,01,mobileapps,False,03/2026,2015-07-09,2016-06-17,350,350,4573,PURCHASE,,761.79,,,,,,False,False
832203315,832203315,2500.0,1729.52,2016-06-28T09:43:42,40.28,34th BBQ #192302,US,US,02,01,food,True,07/2023,2015-07-09,2016-06-17,350,350,4573,PURCHASE,,770.48,,,,,,False,False
832203315,832203315,2500.0,1689.24,2016-06-28T19:46:14,177.22,1st Restaurant,US,US,09,01,food,True,02/2027,2015-07-09,2016-06-17,350,350,4573,PURCHASE,,810.76,,,,,,False,False
832203315,832203315,2500.0,1512.02,2016-06-28T22:05:15,9.39,South Drive in,US,US,09,01,food,True,02/2022,2015-07-09,2016-06-17,350,350,4573,PURCHASE,,987.98,,,,,,False,False
832203315,832203315,2500.0,1502.63,2016-06-28T22:06:35,9.39,South Drive in,US,US,09,01,food,True,02/2022,2015-07-09,2016-06-17,350,350,4573,REVERSAL,,997.37,,,,,,False,False
832203315,832203315,2500.0,1512.02,2016-06-29T01:40:50,175.52,Franks Pub #829873,US,US,02,01,food,True,01/2033,2015-07-09,2016-06-17,350,350,4573,PURCHASE,,987.98,,,,,,False,False
832203315,832203315,2500.0,1336.5,2016-06-29T08:37:36,109.82,South BBQ,US,US,09,08,food,True,07/2022,2015-07-09,2016-06-17,350,350,4573,PURCHASE,,1163.5,,,,,,False,False
832203315,832203315,2500.0,2500.0,2016-07-01T15:49:57,4.83,Boston Cafe #592935,US,US,05,01,food,True,01/2027,2015-07-09,2016-06-17,350,350,4573,PURCHASE,,0.0,,,,,,False,False
832203315,832203315,2500.0,2495.17,2016-07-02T21:33:27,30.31,Boston Cafe #105215,US,US,05,01,food,True,04/2030,2015-07-09,2016-06-17,350,350,4573,PURCHASE,,4.83,,,,,,False,False
832203315,832203315,2500.0,2464.86,2016-07-03T03:19:28,46.32,Best Pub,US,US,02,01,food,True,10/2032,2015-07-09,2016-06-17,350,350,4573,PURCHASE,,35.14,,,,,,False,False
832203315,832203315,2500.0,2418.54,2016-07-03T04:14:59,69.84,South BBQ,US,US,09,01,food,True,11/2029,2015-07-09,2016-06-17,350,350,4573,PURCHASE,,81.46,,,,,,False,False
832203315,832203315,2500.0,2348.7,2016-07-03T05:19:31,177.37,South Cafe,US,US,09,01,food,True,11/2028,2015-07-09,2016-06-17,350,350,4573,PURCHASE,,151.3,,,,,,False,False
832203315,832203315,2500.0,2171.33,2016-07-04T07:55:13,409.92,sears.com,US,US,02,01,online_retail,False,06/2020,2015-07-09,2016-06-17,350,350,4573,PURCHASE,,328.67,,,,,,False,False
832203315,832203315,2500.0,1761.41,2016-07-04T07:56:50,230.36,sears.com,US,US,02,01,online_retail,False,06/2020,2015-07-09,2016-06-17,350,350,4573,REVERSAL,,738.59,,,,,,False,False
832203315,832203315,2500.0,1991.77,2016-07-04T20:05:06,96.74,Ray's Fries #312615,US,US,80,01,food,True,03/2030,2015-07-09,2016-06-17,350,350,4573,PURCHASE,,508.23,,,,,,False,False
832203315,832203315,2500.0,1895.03,2016-07-05T00:32:40,90.87,34th Pub,US,US,05,01,food,True,07/2023,2015-07-09,2016-06-17,350,350,4573,PURCHASE,,604.97,,,,,,False,False
832203315,832203315,2500.0,1804.16,2016-07-05T02:25:21,102.84,South Steakhouse #378389,US,US,05,01,food,False,05/2025,2015-07-09,2016-06-17,350,350,4573,PURCHASE,,695.84,,,,,,False,False
832203315,832203315,2500.0,1701.32,2016-07-05T13:20:35,21.43,South Steakhouse #796913,US,US,05,08,food,True,01/2023,2015-07-09,2016-06-17,350,350,4573,PURCHASE,,798.68,,,,,,False,False
832203315,832203315,2500.0,1679.89,2016-07-06T21:31:11,78.03,1st Sandwitch Bar #758805,US,US,02,01,food,True,02/2028,2015-07-09,2016-06-17,350,350,4573,PURCHASE,,820.11,,,,,,False,False
832203315,832203315,2500.0,1601.86,2016-07-07T04:02:04,282.6,Dinosaur Sandwitch Bar #249717,US,US,05,01,food,True,06/2024,2015-07-09,2016-06-17,350,350,4573,PURCHASE,,898.14,,,,,,False,False
832203315,832203315,2500.0,1319.26,2016-07-07T05:52:37,97.35,Franks Cafe,US,US,05,01,food,True,12/2030,2015-07-09,2016-06-17,350,350,4573,PURCHASE,,1180.74,,,,,,False,False
832203315,832203315,2500.0,1221.91,2016-07-07T20:53:35,348.92,Downtown BBQ,US,US,05,01,food,True,09/2024,2015-07-09,2016-06-17,350,350,4573,PURCHASE,,1278.09,,,,,,False,False
832203315,832203315,2500.0,872.99,2016-07-08T14:49:10,327.07,Franks Pub #87366,US,US,90,01,food,True,12/2020,2015-07-09,2016-06-17,350,350,4573,PURCHASE,,1627.01,,,,,,False,False
832203315,832203315,2500.0,545.92,2016-07-09T05:34:51,29.14,Ray's Fries #153092,US,US,02,08,food,True,11/2027,2015-07-09,2016-06-17,350,350,4573,PURCHASE,,1954.08,,,,,,False,False
832203315,832203315,2500.0,516.78,2016-07-09T20:56:09,16.23,Uptown Cafe,US,US,05,01,food,True,11/2028,2015-07-09,2016-06-17,350,350,4573,PURCHASE,,1983.22,,,,,,False,False
832203315,832203315,2500.0,500.55,2016-07-10T00:06:09,56.77,Uptown Fries,US,US,09,01,food,True,05/2026,2015-07-09,2016-06-17,350,350,4573,PURCHASE,,1999.45,,,,,,False,False
832203315,832203315,2500.0,443.78,2016-07-10T23:32:02,95.25,Ray's Fries #61396,US,US,09,01,food,True,11/2025,2015-07-09,2016-06-17,350,350,4573,PURCHASE,,2056.22,,,,,,False,False
832203315,832203315,2500.0,348.53,2016-07-11T04:37:05,3.24,1st Sandwitch Bar #119707,US,US,05,01,food,True,01/2023,2015-07-09,2016-06-17,350,350,4573,PURCHASE,,2151.47,,,,,,False,False
832203315,832203315,2500.0,345.29,2016-07-12T03:00:46,24.87,Dinosaur Sandwitch Bar #960325,US,US,05,01,food,True,08/2031,2015-07-09,2016-06-17,350,350,4573,PURCHASE,,2154.71,,,,,,False,False
832203315,832203315,2500.0,320.42,2016-07-12T12:54:28,0.73,South Drive in,US,US,02,08,food,True,01/2021,2015-07-09,2016-06-17,350,350,4573,PURCHASE,,2179.58,,,,,,False,False
832203315,832203315,2500.0,319.69,2016-07-12T13:58:25,144.54,South Steakhouse #253522,US,US,05,08,food,True,09/2031,2015-07-09,2016-06-17,350,350,4573,PURCHASE,,2180.31,,,,,,False,False
832203315,832203315,2500.0,175.15,2016-07-12T14:51:41,27.28,Annies Fries,US,US,05,08,food,True,06/2024,2015-07-09,2016-06-17,350,350,4573,PURCHASE,,2324.85,,,,,,False,False
832203315,832203315,2500.0,147.87,2016-07-12T19:43:10,77.39,Ray's Fries #745083,US,US,05,01,food,True,08/2022,2015-07-09,2016-06-17,350,350,4573,PURCHASE,,2352.13,,,,,,False,False
832203315,832203315,2500.0,628.11,2016-07-12T21:20:10,99.21,NY BBQ,US,US,05,01,food,True,10/2026,2015-07-09,2016-06-17,350,350,4573,PURCHASE,,1871.89,,,,,,False,True
832203315,832203315,2500.0,528.9,2016-07-12T23:07:38,426.32,Ray's Fries #153092,US,US,05,01,food,True,08/2025,2015-07-09,2016-06-17,350,350,4573,PURCHASE,,1971.1,,,,,,False,False
832203315,832203315,2500.0,1564.4,2016-07-13T01:59:04,41.3,34th Diner,US,US,05,01,food,True,01/2029,2015-07-09,2016-06-17,350,350,4573,PURCHASE,,935.6,,,,,,False,False
832203315,832203315,2500.0,1523.1,2016-07-13T01:59:47,41.3,34th Diner,US,US,05,01,food,True,01/2029,2015-07-09,2016-06-17,350,350,4573,REVERSAL,,976.9,,,,,,False,False
832203315,832203315,2500.0,1564.4,2016-07-13T03:42:01,199.07,34th Bistro,US,US,05,01,food,True,06/2032,2015-07-09,2016-06-17,350,350,4573,PURCHASE,,935.6,,,,,,False,False
832203315,832203315,2500.0,1365.33,2016-07-14T10:44:06,102.37,Ray's Fries #153092,US,US,05,01,food,True,10/2030,2015-07-09,2016-06-17,350,350,4573,PURCHASE,,1134.67,,,,,,False,False
832203315,832203315,2500.0,1262.96,2016-07-17T02:49:12,177.19,NY Deli,US,US,09,08,food,True,08/2030,2015-07-09,2016-06-17,350,350,4573,PURCHASE,,1237.04,,,,,,False,False
832203315,832203315,2500.0,1085.77,2016-07-17T11:46:51,115.23,34th BBQ #493821,US,US,09,01,food,True,01/2030,2015-07-09,2016-06-17,350,350,4573,PURCHASE,,1414.23,,,,,,False,False
832203315,832203315,2500.0,970.54,2016-07-17T17:45:38,135.15,Uptown Fries,US,US,09,08,food,True,06/2021,2015-07-09,2016-06-17,350,750,4573,PURCHASE,,1529.46,,,,,,False,False
832203315,832203315,2500.0,835.39,2016-07-18T00:25:53,114.52,Best Deli #100511,US,US,05,01,food,True,05/2029,2015-07-09,2016-06-17,350,350,4573,PURCHASE,,1664.61,,,,,,False,False
832203315,832203315,2500.0,720.87,2016-07-18T11:00:36,42.2,1st Pub,US,US,90,01,food,True,11/2028,2015-07-09,2016-06-17,350,350,4573,PURCHASE,,1779.13,,,,,,False,False
832203315,832203315,2500.0,678.67,2016-07-19T00:19:55,27.18,South Steakhouse #879581,US,US,05,08,food,True,08/2021,2015-07-09,2016-06-17,350,350,4573,PURCHASE,,1821.33,,,,,,False,False
832203315,832203315,2500.0,651.49,2016-07-19T03:16:13,155.26,Dinosaur Sandwitch Bar #160554,US,US,05,01,food,True,12/2027,2015-07-09,2016-06-17,350,350,4573,PURCHASE,,1848.51,,,,,,False,False
832203315,832203315,2500.0,496.23,2016-07-19T03:18:58,155.26,Dinosaur Sandwitch Bar #160554,US,US,05,01,food,True,12/2027,2015-07-09,2016-06-17,350,350,4573,REVERSAL,,2003.77,,,,,,False,False
832203315,832203315,2500.0,651.49,2016-07-19T22:11:27,166.81,South Steakhouse #335249,US,US,09,01,food,True,03/2026,2015-07-09,2016-06-17,350,350,4573,PURCHASE,,1848.51,,,,,,False,False
832203315,832203315,2500.0,484.68,2016-07-20T22:31:50,64.51,Best Deli #316476,US,US,09,01,food,False,11/2028,2015-07-09,2016-06-17,350,350,4573,PURCHASE,,2015.32,,,,,,False,False
832203315,832203315,2500.0,420.17,2016-07-21T00:38:48,36.52,Boston Pub,US,US,09,01,food,True,10/2030,2015-07-09,2016-06-17,350,350,4573,PURCHASE,,2079.83,,,,,,False,False
832203315,832203315,2500.0,383.65,2016-07-21T01:24:00,104.15,Best Bistro #262998,US,US,05,01,food,True,01/2022,2015-07-09,2016-06-17,350,350,4573,PURCHASE,,2116.35,,,,,,False,False
832203315,832203315,2500.0,279.5,2016-07-22T04:06:48,3.1,Franks Pub #87366,US,US,05,01,food,True,06/2032,2015-07-09,2016-06-17,350,350,4573,PURCHASE,,2220.5,,,,,,False,False
832203315,832203315,2500.0,276.4,2016-07-22T17:24:59,55.56,Best Deli #109276,US,US,09,01,food,True,09/2023,2015-07-09,2016-06-17,350,350,4573,PURCHASE,,2223.6,,,,,,False,False
832203315,832203315,2500.0,220.84,2016-07-23T01:57:38,38.38,Uptown Fries,US,US,05,01,food,True,04/2024,2015-07-09,2016-06-17,350,350,4573,PURCHASE,,2279.16,,,,,,False,False
832203315,832203315,2500.0,182.46,2016-07-23T02:38:50,263.12,oldnavy.com,US,US,05,01,online_retail,False,04/2022,2015-07-09,2016-06-17,350,350,4573,PURCHASE,,2317.54,,,,,,False,False
832203315,832203315,2500.0,402.02,2016-07-23T22:56:59,442.47,Franks Pub #960098,US,US,09,01,food,True,08/2032,2015-07-09,2016-06-17,350,350,4573,PURCHASE,,2097.98,,,,,,False,False
832203315,832203315,2500.0,852.12,2016-07-24T15:08:23,154.55,Dinosaur Sandwitch Bar #960325,US,US,09,01,food,True,12/2031,2015-07-09,2016-06-17,350,350,4573,PURCHASE,,1647.88,,,,,,False,False
832203315,832203315,2500.0,697.57,2016-07-24T17:01:00,85.92,NY BBQ,US,US,05,01,food,True,03/2025,2015-07-09,2016-06-17,350,350,4573,PURCHASE,,1802.43,,,,,,False,True
832203315,832203315,2500.0,611.65,2016-07-24T20:23:57,125.12,Dinosaur Sandwitch Bar #960325,US,US,09,01,food,True,11/2024,2015-07-09,2016-06-17,350,350,4573,PURCHASE,,1888.35,,,,,,False,False
832203315,832203315,2500.0,486.53,2016-07-25T04:19:49,60.52,1st Sandwitch Bar #772439,US,US,05,08,food,True,03/2033,2015-07-09,2016-06-17,350,350,4573,PURCHASE,,2013.47,,,,,,False,False
832203315,832203315,2500.0,426.01,2016-07-25T04:36:37,84.74,South Steakhouse #796913,US,US,09,08,food,True,01/2026,2015-07-09,2016-06-17,350,350,4573,PURCHASE,,2073.99,,,,,,False,False
832203315,832203315,2500.0,341.27,2016-07-25T12:56:17,0.0,NY Deli,US,US,05,01,food,False,12/2020,2015-07-09,2016-06-17,350,350,4573,ADDRESS_VERIFICATION,,2158.73,,,,,,False,False
832203315,832203315,2500.0,341.27,2016-07-25T16:06:40,72.12,Dinosaur Sandwitch Bar #960325,US,US,09,08,food,True,07/2031,2015-07-09,2016-06-17,350,350,4573,PURCHASE,,2158.73,,,,,,False,False
832203315,832203315,2500.0,269.15,2016-07-26T03:38:15,284.2,Best Pub,US,US,09,01,food,True,04/2028,2015-07-09,2016-06-17,350,350,4573,PURCHASE,,2230.85,,,,,,False,False
832203315,832203315,2500.0,1687.18,2016-07-26T05:26:09,16.96,1st Sandwitch Bar #772439,US,US,05,08,food,True,09/2028,2015-07-09,2016-06-17,350,350,4573,PURCHASE,,812.82,,,,,,False,False
832203315,832203315,2500.0,1670.22,2016-07-26T06:56:05,82.54,1st Sandwitch Bar #119707,US,US,05,08,food,True,02/2026,2015-07-09,2016-06-17,350,350,4573,PURCHASE,,829.78,,,,,,False,False
832203315,832203315,2500.0,1587.68,2016-07-26T08:05:55,30.36,Boston Pub,US,US,09,01,food,True,05/2029,2015-07-09,2016-06-17,350,350,4573,PURCHASE,,912.32,,,,,,False,False
832203315,832203315,2500.0,1557.32,2016-07-26T17:03:36,163.39,Uptown Diner,US,US,02,01,food,True,01/2024,2015-07-09,2016-06-17,350,350,4573,PURCHASE,,942.68,,,,,,False,False
832203315,832203315,2500.0,1393.93,2016-07-27T15:39:09,78.03,Best Deli #109276,US,US,05,08,food,True,08/2024,2015-07-09,2016-06-17,350,350,4573,PURCHASE,,1106.07,,,,,,False,False
832203315,832203315,2500.0,1315.9,2016-07-28T00:26:04,325.9,Franks Sandwitch Bar,US,US,09,01,food,True,06/2020,2015-07-09,2016-06-17,350,350,4573,PURCHASE,,1184.1,,,,,,False,False
832203315,832203315,2500.0,990.0,2016-07-28T00:57:50,360.13,Franks Pub #829873,US,US,02,08,food,True,08/2024,2015-07-09,2016-06-17,350,350,4573,PURCHASE,,1510.0,,,,,,False,False
832203315,832203315,2500.0,629.87,2016-07-28T19:01:06,199.11,Downtown Pub,US,US,05,01,food,True,02/2031,2015-07-09,2016-06-17,350,350,4573,PURCHASE,,1870.13,,,,,,False,False
832203315,832203315,2500.0,430.76,2016-07-28T19:58:18,63.64,Ray's Fries #312615,US,US,05,08,food,True,09/2031,2015-07-09,2016-06-17,350,350,4573,PURCHASE,,2069.24,,,,,,False,False
832203315,832203315,2500.0,367.12,2016-07-29T14:52:46,8.69,Play Store,US,US,09,01,mobileapps,False,03/2026,2015-07-09,2016-06-17,350,350,4573,PURCHASE,,2132.88,,,,,,False,False
832203315,832203315,2500.0,358.43,2016-07-30T05:50:28,44.04,Ray's Fries #61396,US,US,09,01,food,True,09/2021,2015-07-09,2016-06-17,350,350,4573,PURCHASE,,2141.57,,,,,,False,False
832203315,832203315,2500.0,314.39,2016-07-30T10:42:57,281.63,South Steakhouse #378389,US,US,05,08,food,True,01/2031,2015-07-09,2016-06-17,350,350,4573,PURCHASE,,2185.61,,,,,,False,False
832203315,832203315,2500.0,1453.22,2016-07-30T11:13:26,139.69,Dinosaur Sandwitch Bar #249717,US,US,02,01,food,False,12/2022,2015-07-09,2016-06-17,350,350,4573,PURCHASE,,1046.78,,,,,,False,False
832203315,832203315,2500.0,1313.53,2016-07-31T09:53:09,148.95,Boston Cafe #592935,US,US,05,01,food,True,02/2028,2015-07-09,2016-06-17,350,350,4573,PURCHASE,,1186.47,,,,,,False,False
832203315,832203315,2500.0,1164.58,2016-07-31T18:35:28,124.84,Downtown Sandwitch Bar,US,US,05,01,food,False,02/2020,2015-07-09,2016-06-17,350,350,4573,PURCHASE,,1335.42,,,,,,False,False
832203315,832203315,2500.0,2500.0,2016-08-01T10:58:12,25.51,South Steakhouse #481929,US,US,09,01,food,True,12/2021,2015-07-09,2016-06-17,350,350,4573,PURCHASE,,0.0,,,,,,False,False
832203315,832203315,2500.0,2474.49,2016-08-02T14:31:28,19.2,South Steakhouse #879581,US,US,09,01,food,True,11/2031,2015-07-09,2016-06-17,350,350,4573,PURCHASE,,25.51,,,,,,False,False
832203315,832203315,2500.0,2455.29,2016-08-02T15:20:16,59.21,Uptown BBQ,,US,09,01,food,True,08/2020,2015-07-09,2016-06-17,350,350,4573,PURCHASE,,44.71,,,,,,False,False
832203315,832203315,2500.0,2396.08,2016-08-02T20:14:35,377.6,Franks Pub #829873,US,US,09,01,food,True,07/2029,2015-07-09,2016-06-17,350,350,4573,PURCHASE,,103.92,,,,,,False,False
832203315,832203315,2500.0,2018.48,2016-08-03T01:16:13,118.88,Ray's Fries #24425,US,US,05,08,food,True,01/2024,2015-07-09,2016-06-17,350,350,4573,PURCHASE,,481.52,,,,,,False,False
832203315,832203315,2500.0,1899.6,2016-08-03T01:32:21,105.3,Franks Pub #960098,US,US,02,01,food,True,06/2031,2015-07-09,2016-06-17,350,350,4573,PURCHASE,,600.4,,,,,,False,False
832203315,832203315,2500.0,1794.3,2016-08-03T20:19:24,59.11,34th BBQ #412895,US,US,05,01,food,True,02/2025,2015-07-09,2016-06-17,350,350,4573,PURCHASE,,705.7,,,,,,False,False
832203315,832203315,2500.0,1735.19,2016-08-04T15:11:35,0.0,34th BBQ #412895,US,US,05,01,food,False,06/2022,2015-07-09,2016-06-17,350,350,4573,ADDRESS_VERIFICATION,,764.81,,,,,,False,False
832203315,832203315,2500.0,1735.19,2016-08-04T16:25:30,96.95,Dinosaur Sandwitch Bar #960325,US,US,02,01,food,True,01/2031,2015-07-09,2016-06-17,350,350,4573,PURCHASE,,764.81,,,,,,False,False
832203315,832203315,2500.0,1638.24,2016-08-04T16:52:58,71.31,1st Sandwitch Bar #396252,US,US,09,01,food,True,06/2029,2015-07-09,2016-06-17,350,350,4573,PURCHASE,,861.76,,,,,,False,False
832203315,832203315,2500.0,1566.93,2016-08-04T20:43:23,135.61,South Sandwitch Bar,US,US,09,01,food,True,01/2020,2015-07-09,2016-06-17,350,350,4573,PURCHASE,,933.07,,,,,,False,False
832203315,832203315,2500.0,1431.32,2016-08-04T21:16:41,21.3,Franks Pub #53336,US,US,09,01,food,True,06/2030,2015-07-09,2016-06-17,350,350,4573,PURCHASE,,1068.68,,,,,,False,False
832203315,832203315,2500.0,1410.02,2016-08-05T15:13:35,42.2,1st Pub,US,US,90,01,food,True,11/2028,2015-07-09,2016-06-17,350,350,4573,REVERSAL,,1089.98,,,,,,False,False
832203315,832203315,2500.0,1452.22,2016-08-05T23:20:18,85.66,Ray's Fries #745083,US,US,05,01,food,True,03/2021,2015-07-09,2016-06-17,350,350,4573,PURCHASE,,1047.78,,,,,,False,False
832203315,832203315,2500.0,1366.56,2016-08-06T12:56:25,4.69,Ray's Fries #745083,US,US,05,01,food,True,12/2026,2015-07-09,2016-06-17,350,350,4573,PURCHASE,,1133.44,,,,,,True,False
832203315,832203315,2500.0,1361.87,2016-08-06T19:41:26,131.49,cheapfast.com,US,US,09,01,online_retail,False,06/2024,2015-07-09,2016-06-17,350,350,4573,PURCHASE,,1138.13,,,,,,False,False
832203315,832203315,2500.0,1230.38,2016-08-06T20:13:43,4.77,Best Deli #329705,US,US,05,01,food,True,07/2023,2015-07-09,2016-06-17,350,350,4573,PURCHASE,,1269.62,,,,,,False,False
832203315,832203315,2500.0,1225.61,2016-08-07T11:26:20,44.76,Uptown Fries,US,US,05,01,food,True,04/2027,2015-07-09,2016-06-17,350,350,4573,PURCHASE,,1274.39,,,,,,False,False
832203315,832203315,2500.0,1180.85,2016-08-07T11:31:51,0.99,Franks Pub #632075,US,US,05,01,food,True,06/2028,2015-07-09,2016-06-17,350,350,4573,PURCHASE,,1319.15,,,,,,False,False
832203315,832203315,2500.0,1179.86,2016-08-07T18:45:17,59.21,1st Sandwitch Bar #119707,US,US,09,01,food,True,01/2022,2015-07-09,2016-06-17,350,350,4573,PURCHASE,,1320.14,,,,,,False,False
832203315,832203315,2500.0,1120.65,2016-08-07T20:50:06,215.4,Best Bistro #44077,US,US,02,01,food,True,08/2031,2015-07-09,2016-06-17,350,350,4573,PURCHASE,,1379.35,,,,,,False,False
832203315,832203315,2500.0,905.25,2016-08-08T11:57:21,23.31,Franks Pub #934222,US,US,05,08,food,True,01/2022,2015-07-09,2016-06-17,350,350,4573,PURCHASE,,1594.75,,,,,,False,False
832203315,832203315,2500.0,881.94,2016-08-09T04:03:03,114.09,Franks Pub #829873,US,US,09,01,food,True,04/2031,2015-07-09,2016-06-17,350,350,4573,PURCHASE,,1618.06,,,,,,False,False
832203315,832203315,2500.0,767.85,2016-08-09T05:05:11,640.35,Boston Cafe #105215,US,US,09,01,food,True,01/2022,2015-07-09,2016-06-17,350,350,4573,PURCHASE,,1732.15,,,,,,False,False
832203315,832203315,2500.0,127.5,2016-08-09T16:24:23,343.96,Best Bistro #44077,US,US,05,08,food,True,03/2026,2015-07-09,2016-06-17,350,350,4573,PURCHASE,,2372.5,,,,,,False,False
832203315,832203315,2500.0,318.21,2016-08-11T17:58:06,97.33,NY Deli,US,US,09,08,food,True,12/2021,2015-07-09,2016-06-17,350,350,4573,PURCHASE,,2181.79,,,,,,False,False
832203315,832203315,2500.0,220.88,2016-08-11T21:31:31,60.3,Franks Cafe,US,US,05,08,food,True,12/2027,2015-07-09,2016-06-17,350,350,4573,PURCHASE,,2279.12,,,,,,False,False
832203315,832203315,2500.0,160.58,2016-08-12T10:32:16,136.95,1st Sandwitch Bar #801388,US,US,05,01,food,True,10/2022,2015-07-09,2016-06-17,350,350,4573,PURCHASE,,2339.42,,,,,,False,False
832203315,832203315,2500.0,1513.29,2016-08-12T11:05:57,57.01,Dinosaur Fries,US,US,05,08,food,True,12/2028,2015-07-09,2016-06-17,350,350,4573,PURCHASE,,986.71,,,,,,False,False
832203315,832203315,2500.0,1456.28,2016-08-12T12:48:03,105.47,ebay.com,US,US,02,01,online_retail,False,12/2023,2015-07-09,2016-06-17,350,350,4573,PURCHASE,,1043.72,,,,,,False,False
832203315,832203315,2500.0,1350.81,2016-08-12T13:50:13,90.23,South Steakhouse #335249,US,US,02,99,food,True,11/2030,2015-07-09,2016-06-17,350,350,4573,PURCHASE,,1149.19,,,,,,False,False
832203315,832203315,2500.0,1260.58,2016-08-12T14:15:29,97.47,1st Sandwitch Bar #772439,US,US,05,01,food,True,01/2029,2015-07-09,2016-06-17,350,350,4573,PURCHASE,,1239.42,,,,,,False,False
832203315,832203315,2500.0,1163.11,2016-08-12T17:29:11,158.64,Dinosaur Sandwitch Bar #249717,US,US,05,01,food,True,12/2025,2015-07-09,2016-06-17,350,350,4573,PURCHASE,,1336.89,,,,,,False,False
832203315,832203315,2500.0,1004.47,2016-08-12T17:29:44,158.64,Dinosaur Sandwitch Bar #249717,US,US,05,01,food,True,12/2025,2015-07-09,2016-06-17,350,350,4573,PURCHASE,,1495.53,,,,,,False,False
832203315,832203315,2500.0,845.83,2016-08-12T21:54:10,212.97,South Drive in,US,US,05,08,food,False,02/2032,2015-07-09,2016-06-17,350,650,4573,PURCHASE,,1654.17,,,,,,False,False
832203315,832203315,2500.0,632.86,2016-08-13T03:18:37,55.68,Dinosaur Sandwitch Bar #303701,US,US,09,01,food,True,08/2033,2015-07-09,2016-06-17,350,350,4573,PURCHASE,,1867.14,,,,,,False,False
832203315,832203315,2500.0,577.18,2016-08-13T06:08:51,2.17,South Steakhouse #157238,US,US,02,01,food,True,12/2021,2015-07-09,2016-06-17,350,350,4573,PURCHASE,,1922.82,,,,,,False,False
832203315,832203315,2500.0,575.01,2016-08-13T06:20:08,47.13,34th Bistro,MEX,MEX,05,08,food,True,09/2025,2015-07-09,2016-06-17,350,350,4573,PURCHASE,,1924.99,,,,,,False,False
832203315,832203315,2500.0,527.88,2016-08-13T10:03:14,24.32,34th Diner,US,US,09,01,food,True,05/2021,2015-07-09,2016-06-17,350,350,4573,PURCHASE,,1972.12,,,,,,False,False
832203315,832203315,2500.0,503.56,2016-08-13T15:49:23,27.59,34th BBQ #166379,US,US,05,01,food,True,06/2032,2015-07-09,2016-06-17,350,350,4573,PURCHASE,,1996.44,,,,,,False,False
832203315,832203315,2500.0,475.97,2016-08-13T22:39:15,3.25,Franks Sandwitch Bar,US,US,05,01,food,True,07/2020,2015-07-09,2016-06-17,350,350,4573,PURCHASE,,2024.03,,,,,,False,False
832203315,832203315,2500.0,472.72,2016-08-14T04:03:22,151.21,Franks Pub #829873,US,US,09,08,food,False,03/2031,2015-07-09,2016-06-17,350,350,4573,PURCHASE,,2027.28,,,,,,False,False
832203315,832203315,2500.0,321.51,2016-08-14T05:58:05,94.35,34th BBQ #493821,US,US,09,01,food,True,09/2022,2015-07-09,2016-06-17,350,350,4573,PURCHASE,,2178.49,,,,,,False,False
832203315,832203315,2500.0,227.16,2016-08-14T19:26:44,48.07,1st Deli,US,US,05,01,food,True,05/2032,2015-07-09,2016-06-17,350,350,4573,PURCHASE,,2272.84,,,,,,False,False
832203315,832203315,2500.0,179.09,2016-08-15T23:09:01,619.58,South Restaurant,US,US,05,01,food,True,09/2031,2015-07-09,2016-06-17,350,350,4573,PURCHASE,,2320.91,,,,,,False,False
832203315,832203315,2500.0,-70.59,2016-08-16T01:29:46,340.73,LES Pizza,US,US,05,01,food,True,05/2021,2015-07-09,2016-06-17,350,350,4573,PURCHASE,,2570.59,,,,,,False,False
832203315,832203315,2500.0,2500.0,2016-08-16T11:01:54,322.13,Boston Cafe #465229,US,US,05,08,food,True,03/2030,2015-07-09,2016-06-17,350,350,4573,PURCHASE,,0.0,,,,,,False,False
832203315,832203315,2500.0,2177.87,2016-08-17T07:11:02,104.89,1st Pub,US,US,05,01,food,True,12/2023,2015-07-09,2016-06-17,350,350,4573,PURCHASE,,322.13,,,,,,False,False
832203315,832203315,2500.0,2072.98,2016-08-17T17:15:36,288.97,1st Sandwitch Bar #772439,US,US,05,01,food,True,05/2030,2015-07-09,2016-06-17,350,350,4573,PURCHASE,,427.02,,,,,,False,False
832203315,832203315,2500.0,1784.01,2016-08-18T10:46:16,0.0,John's Cafe,US,US,05,01,food,False,01/2027,2015-07-09,2016-06-17,350,350,4573,ADDRESS_VERIFICATION,,715.99,,,,,,False,False
832203315,832203315,2500.0,1784.01,2016-08-19T01:37:24,301.71,Franks Pub #680641,US,US,05,01,food,True,02/2024,2015-07-09,2016-06-17,350,350,4573,PURCHASE,,715.99,,,,,,False,False
832203315,832203315,2500.0,1482.3,2016-08-20T22:43:29,229.88,Best Deli #316476,US,US,05,08,food,True,10/2030,2015-07-09,2016-06-17,350,350,4573,PURCHASE,,1017.7,,,,,,False,False
832203315,832203315,2500.0,1252.42,2016-08-21T20:09:36,193.56,Hilton Hotels #720012,US,US,09,01,hotels,False,05/2032,2015-07-09,2016-06-17,350,350,4573,PURCHASE,,1247.58,,,,,,False,False
832203315,832203315,2500.0,1058.86,2016-08-23T09:10:42,5.79,Franks Pub #53336,US,US,09,01,food,True,05/2024,2015-07-09,2016-06-17,350,350,4573,PURCHASE,,1441.14,,,,,,False,False
832203315,832203315,2500.0,1053.07,2016-08-23T19:35:57,59.48,South Steakhouse #481929,US,US,02,08,food,True,07/2031,2015-07-09,2016-06-17,350,350,4573,PURCHASE,,1446.93,,,,,,False,False
832203315,832203315,2500.0,993.59,2016-08-23T19:40:06,4.02,Franks Pub #53336,US,US,09,01,food,True,01/2033,2015-07-09,2016-06-17,350,350,4573,PURCHASE,,1506.41,,,,,,False,False
832203315,832203315,2500.0,989.57,2016-08-24T01:32:53,85.86,alibaba.com,US,US,02,01,online_retail,False,05/2028,2015-07-09,2016-06-17,350,350,4573,PURCHASE,,1510.43,,,,,,False,False
832203315,832203315,2500.0,903.71,2016-08-24T14:20:52,13.92,Best Bistro #262998,US,US,09,01,food,True,09/2032,2015-07-09,2016-06-17,350,350,4573,PURCHASE,,1596.29,,,,,,False,False
832203315,832203315,2500.0,889.79,2016-08-25T02:21:53,271.77,Franks Pub #632075,US,US,05,01,food,True,05/2027,2015-07-09,2016-06-17,350,350,4573,PURCHASE,,1610.21,,,,,,False,False
832203315,832203315,2500.0,618.02,2016-08-25T02:36:27,0.0,Franks Sandwitch Bar,US,US,09,01,food,False,11/2031,2015-07-09,2016-06-17,350,350,4573,ADDRESS_VERIFICATION,,1881.98,,,,,,False,False
832203315,832203315,2500.0,618.02,2016-08-25T22:39:45,65.86,South Steakhouse #335249,US,US,09,08,food,True,08/2024,2015-07-09,2016-06-17,350,350,4573,PURCHASE,,1881.98,,,,,,False,False
832203315,832203315,2500.0,552.16,2016-08-26T21:17:07,68.05,34th BBQ #166379,US,US,09,01,food,True,08/2025,2015-07-09,2016-06-17,350,350,4573,PURCHASE,,1947.84,,,,,,False,False
832203315,832203315,2500.0,484.11,2016-08-26T21:21:45,364.08,Best Bistro #262998,US,US,05,01,food,True,10/2030,2015-07-09,2016-06-17,350,350,4573,PURCHASE,,2015.89,,,,,,False,False
832203315,832203315,2500.0,2500.0,2016-08-27T11:59:26,48.72,Dinosaur Sandwitch Bar #960325,US,US,05,01,food,True,07/2031,2015-07-09,2016-06-17,350,350,4573,PURCHASE,,0.0,,,,,,False,False
832203315,832203315,2500.0,2451.28,2016-08-27T19:16:52,367.05,Franks Sandwitch Bar,US,US,05,01,food,True,03/2031,2015-07-09,2016-06-17,350,350,4573,PURCHASE,,48.72,,,,,,False,False
832203315,832203315,2500.0,2084.23,2016-08-27T21:16:59,313.74,Best Pub,US,US,09,01,food,True,06/2028,2015-07-09,2016-06-17,350,350,4573,PURCHASE,,415.77,,,,,,False,False
832203315,832203315,2500.0,1770.49,2016-08-28T07:00:30,33.89,34th Diner,US,US,09,01,food,True,04/2021,2015-07-09,2016-06-17,350,350,4573,PURCHASE,,729.51,,,,,,False,False
832203315,832203315,2500.0,1736.6,2016-08-28T09:23:34,154.9,Boston Fries,US,US,05,08,food,True,07/2028,2015-07-09,2016-06-17,350,350,4573,PURCHASE,,763.4,,,,,,False,False
832203315,832203315,2500.0,1581.7,2016-08-28T10:42:44,2.0,34th BBQ #493821,US,US,05,08,food,True,05/2029,2015-07-09,2016-06-17,350,350,4573,PURCHASE,,918.3,,,,,,False,False
832203315,832203315,2500.0,1579.7,2016-08-28T13:50:29,75.74,Uptown Cafe,US,US,09,01,food,True,02/2026,2015-07-09,2016-06-17,350,350,4573,PURCHASE,,920.3,,,,,,False,False
832203315,832203315,2500.0,1503.96,2016-08-28T14:09:31,250.62,South Drive in,US,US,09,01,food,True,04/2026,2015-07-09,2016-06-17,350,350,4573,PURCHASE,,996.04,,,,,,False,False
832203315,832203315,2500.0,1253.34,2016-08-28T19:02:39,15.97,Uptown Steakhouse,US,US,05,01,food,True,06/2031,2015-07-09,2016-06-17,350,350,4573,PURCHASE,,1246.66,,,,,,False,False
832203315,832203315,2500.0,1237.37,2016-08-29T01:19:53,0.44,34th Diner,US,US,09,01,food,True,07/2025,2015-07-09,2016-06-17,350,350,4573,PURCHASE,,1262.63,,,,,,False,False
832203315,832203315,2500.0,1236.93,2016-08-29T02:38:47,137.94,South Cafe,US,US,05,08,food,True,06/2032,2015-07-09,2016-06-17,350,350,4573,PURCHASE,,1263.07,,,,,,False,False
832203315,832203315,2500.0,1098.99,2016-08-29T07:26:15,353.52,Dinosaur Drive in,US,US,09,01,food,True,11/2025,2015-07-09,2016-06-17,350,350,4573,PURCHASE,,1401.01,,,,,,False,False
832203315,832203315,2500.0,745.47,2016-08-29T14:19:53,32.91,Dinosaur Sandwitch Bar #303701,US,US,02,01,food,True,05/2033,2015-07-09,2016-06-17,350,350,4573,PURCHASE,,1754.53,,,,,,False,False
832203315,832203315,2500.0,712.56,2016-08-29T15:09:18,8.69,Play Store,US,US,09,01,mobileapps,False,03/2026,2015-07-09,2016-06-17,350,350,4573,PURCHASE,,1787.44,,,,,,False,False
832203315,832203315,2500.0,703.87,2016-08-29T16:50:05,700.99,South Sandwitch Bar,US,US,02,01,food,True,09/2028,2015-07-09,2016-06-17,350,350,4573,PURCHASE,,1796.13,,,,,,False,False
832203315,832203315,2500.0,1867.29,2016-08-29T21:17:59,54.44,Uptown Steakhouse,US,US,90,01,food,True,01/2033,2015-07-09,2016-06-17,350,350,4573,PURCHASE,,632.71,,,,,,False,False
832203315,832203315,2500.0,1812.85,2016-08-29T23:48:19,372.84,Franks Restaurant,US,US,05,01,food,True,10/2032,2015-07-09,2016-06-17,350,350,4573,PURCHASE,,687.15,,,,,,False,False
832203315,832203315,2500.0,1440.01,2016-08-31T00:33:24,440.25,1st Pub,US,US,05,01,food,True,12/2023,2015-07-09,2016-06-17,350,350,4573,PURCHASE,,1059.99,,,,,,False,False
832203315,832203315,2500.0,999.76,2016-08-31T04:21:11,54.32,Annies Fries,US,US,02,01,food,True,12/2025,2015-07-09,2016-06-17,350,350,4573,PURCHASE,,1500.24,,,,,,False,False
832203315,832203315,2500.0,945.44,2016-08-31T06:24:51,334.4,Boston Fries,US,US,09,01,food,True,08/2025,2015-07-09,2016-06-17,350,350,4573,PURCHASE,,1554.56,,,,,,False,True
832203315,832203315,2500.0,2500.0,2016-09-01T20:44:38,58.06,Uptown Fries,US,US,05,01,food,True,01/2026,2015-07-09,2016-06-17,350,350,4573,PURCHASE,,0.0,,,,,,False,False
832203315,832203315,2500.0,2441.94,2016-09-02T18:33:54,228.87,1st Sandwitch Bar #941288,US,US,05,01,food,True,09/2025,2015-07-09,2016-06-17,350,350,4573,PURCHASE,,58.06,,,,,,False,False
832203315,832203315,2500.0,2213.07,2016-09-02T23:30:34,84.43,South Sandwitch Bar,US,US,09,01,food,True,08/2027,2015-07-09,2016-06-17,350,350,4573,PURCHASE,,286.93,,,,,,False,False
832203315,832203315,2500.0,2128.64,2016-09-03T03:28:17,286.92,Best Deli #316476,US,US,02,01,food,True,09/2024,2015-07-09,2016-06-17,350,350,4573,PURCHASE,,371.36,,,,,,False,False
832203315,832203315,2500.0,1841.72,2016-09-03T11:42:10,170.61,South Steakhouse #481929,US,US,05,01,food,True,02/2024,2015-07-09,2016-06-17,350,350,4573,PURCHASE,,658.28,,,,,,False,False
832203315,832203315,2500.0,1671.11,2016-09-03T20:26:01,319.37,Best Fries,US,US,02,01,food,True,10/2022,2015-07-09,2016-06-17,350,350,4573,PURCHASE,,828.89,,,,,,False,False
832203315,832203315,2500.0,1351.74,2016-09-04T10:20:58,201.1,34th Diner,US,US,05,01,food,True,12/2022,2015-07-09,2016-06-17,350,350,4573,PURCHASE,,1148.26,,,,,,False,False
832203315,832203315,2500.0,1150.64,2016-09-04T10:49:56,1.75,South Steakhouse #157238,US,US,09,01,food,True,10/2023,2015-07-09,2016-06-17,350,350,4573,PURCHASE,,1349.36,,,,,,False,False
832203315,832203315,2500.0,1148.89,2016-09-04T11:27:16,64.31,Ray's Fries #892291,US,US,02,01,food,True,02/2022,2015-07-09,2016-06-17,350,350,4573,PURCHASE,,1351.11,,,,,,False,False
832203315,832203315,2500.0,1084.58,2016-09-04T11:39:28,333.39,Franks Pub #87366,US,US,90,01,food,True,05/2032,2015-07-09,2016-06-17,350,350,4573,PURCHASE,,1415.42,,,,,,False,False
832203315,832203315,2500.0,751.19,2016-09-05T01:10:52,62.91,Franks Pub #755509,US,US,09,01,food,False,06/2028,2015-07-09,2016-06-17,350,350,4573,PURCHASE,,1748.81,,,,,,False,False
832203315,832203315,2500.0,688.28,2016-09-05T15:03:34,32.85,34th BBQ #192302,US,US,05,01,food,True,03/2032,2015-07-09,2016-06-17,350,350,4573,PURCHASE,,1811.72,,,,,,False,False
832203315,832203315,2500.0,655.43,2016-09-05T16:43:46,38.16,South Steakhouse #73819,US,US,09,01,food,True,03/2026,2015-07-09,2016-06-17,350,350,4573,PURCHASE,,1844.57,,,,,,False,False
832203315,832203315,2500.0,617.27,2016-09-05T22:18:26,147.4,34th BBQ #192302,US,US,05,08,food,True,12/2022,2015-07-09,2016-06-17,350,350,4573,PURCHASE,,1882.73,,,,,,False,False
832203315,832203315,2500.0,469.87,2016-09-06T05:39:20,47.73,34th BBQ #538716,US,US,05,01,food,False,01/2031,2015-07-09,2016-06-17,350,350,4573,PURCHASE,,2030.13,,,,,,False,False
832203315,832203315,2500.0,422.14,2016-09-07T14:14:57,129.8,Franks Pub #86033,US,US,05,01,food,True,03/2032,2015-07-09,2016-06-17,350,350,4573,PURCHASE,,2077.86,,,,,,False,False
832203315,832203315,2500.0,292.34,2016-09-07T20:07:32,117.79,Franks Pub #632075,US,US,09,01,food,True,03/2028,2015-07-09,2016-06-17,350,350,4573,PURCHASE,,2207.66,,,,,,False,False
832203315,832203315,2500.0,174.55,2016-09-08T02:25:46,318.82,walmart.com,US,US,05,01,online_retail,False,08/2021,2015-07-09,2016-06-17,350,350,4573,PURCHASE,,2325.45,,,,,,False,False
832203315,832203315,2500.0,284.43,2016-09-08T04:23:24,264.64,Best Fries,US,US,09,01,food,True,03/2031,2015-07-09,2016-06-17,350,350,4573,PURCHASE,,2215.57,,,,,,False,False
832203315,832203315,2500.0,600.47,2016-09-08T11:25:30,143.17,1st Sandwitch Bar #119707,US,US,05,01,food,True,09/2024,2015-07-09,2016-06-17,350,350,4573,PURCHASE,,1899.53,,,,,,False,False
832203315,832203315,2500.0,457.3,2016-09-10T07:26:22,155.78,South Sandwitch Bar,US,US,02,01,food,True,09/2032,2015-07-09,2016-06-17,350,350,4573,PURCHASE,,2042.7,,,,,,False,False
832203315,832203315,2500.0,301.52,2016-09-10T13:49:59,95.18,34th BBQ #192302,US,US,09,01,food,True,11/2031,2015-07-09,2016-06-17,350,350,4573,PURCHASE,,2198.48,,,,,,False,False
832203315,832203315,2500.0,206.34,2016-09-11T01:18:12,1.08,South Drive in,US,US,02,08,food,True,01/2027,2015-07-09,2016-06-17,350,350,4573,PURCHASE,,2293.66,,,,,,False,False
832203315,832203315,2500.0,205.26,2016-09-12T05:24:07,23.37,South Steakhouse #73819,US,US,09,01,food,True,08/2029,2015-07-09,2016-06-17,350,350,4573,PURCHASE,,2294.74,,,,,,False,False
832203315,832203315,2500.0,181.89,2016-09-12T09:40:25,125.81,South Steakhouse #796913,US,US,02,01,food,True,08/2021,2015-07-09,2016-06-17,350,350,4573,PURCHASE,,2318.11,,,,,,False,False
832203315,832203315,2500.0,2225.49,2016-09-12T10:12:50,360.72,34th BBQ #214431,US,US,05,01,food,True,08/2028,2015-07-09,2016-06-17,350,350,4573,PURCHASE,,274.51,,,,,,False,False
832203315,832203315,2500.0,1864.77,2016-09-12T11:22:21,168.41,34th Bistro,US,US,05,01,food,True,07/2030,2015-07-09,2016-06-17,350,350,4573,PURCHASE,,635.23,,,,,,False,False
832203315,832203315,2500.0,1696.36,2016-09-12T16:40:23,10.85,Boston Fries,US,US,02,01,food,True,08/2028,2015-07-09,2016-06-17,350,350,4573,PURCHASE,,803.64,,,,,,False,False
832203315,832203315,2500.0,1685.51,2016-09-13T06:59:09,32.94,Franks Pub #680641,US,US,05,01,food,True,07/2033,2015-07-09,2016-06-17,350,350,4573,PURCHASE,,814.49,,,,,,False,False
832203315,832203315,2500.0,1652.57,2016-09-14T06:03:41,8.62,Uptown Cafe,US,US,02,01,food,True,02/2023,2015-07-09,2016-06-17,350,350,4573,PURCHASE,,847.43,,,,,,False,False
832203315,832203315,2500.0,1643.95,2016-09-14T08:19:38,83.07,1st BBQ,US,US,90,01,food,True,11/2020,2015-07-09,2016-06-17,350,350,4573,PURCHASE,,856.05,,,,,,False,True
832203315,832203315,2500.0,1560.88,2016-09-14T15:54:28,1.51,Dinosaur Fries,CAN,CAN,05,01,food,True,04/2023,2015-07-09,2016-06-17,350,350,4573,PURCHASE,,939.12,,,,,,False,False
832203315,832203315,2500.0,1559.37,2016-09-14T21:51:34,56.74,South Restaurant,US,US,02,01,food,True,12/2032,2015-07-09,2016-06-17,350,350,4573,PURCHASE,,940.63,,,,,,False,False
832203315,832203315,2500.0,1502.63,2016-09-15T04:39:42,24.46,John's Bistro,US,US,05,01,food,True,05/2025,2015-07-09,2016-06-17,350,350,4573,PURCHASE,,997.37,,,,,,False,False
832203315,832203315,2500.0,1478.17,2016-09-15T04:42:30,196.85,John's Bistro,US,US,09,01,food,True,03/2029,2015-07-09,2016-06-17,350,350,4573,PURCHASE,,1021.83,,,,,,False,False
832203315,832203315,2500.0,1281.32,2016-09-15T05:00:33,376.25,Best Deli #109276,US,US,02,08,food,True,10/2021,2015-07-09,2016-06-17,350,350,4573,PURCHASE,,1218.68,,,,,,False,False
832203315,832203315,2500.0,905.07,2016-09-15T06:46:06,37.45,Dinosaur Restaurant,US,US,09,01,food,True,02/2023,2015-07-09,2016-06-17,350,350,4573,,,1594.93,,,,,,False,False
832203315,832203315,2500.0,867.62,2016-09-15T10:19:47,200.13,South Steakhouse #73819,US,US,05,01,food,True,05/2020,2015-07-09,2016-06-17,350,350,4573,PURCHASE,,1632.38,,,,,,False,False
832203315,832203315,2500.0,667.49,2016-09-15T11:25:38,55.44,Franks Deli,US,US,09,01,food,True,10/2023,2015-07-09,2016-06-17,350,350,4573,PURCHASE,,1832.51,,,,,,False,False
832203315,832203315,2500.0,612.05,2016-09-15T15:59:42,72.27,Uptown BBQ,US,US,09,01,food,True,04/2029,2015-07-09,2016-06-17,350,350,4573,PURCHASE,,1887.95,,,,,,False,False
832203315,832203315,2500.0,539.78,2016-09-16T03:20:09,98.31,South BBQ,US,US,05,01,food,True,10/2024,2015-07-09,2016-06-17,350,350,4573,PURCHASE,,1960.22,,,,,,False,False
832203315,832203315,2500.0,441.47,2016-09-18T17:37:35,72.85,Franks Pub #934222,US,US,05,01,food,True,01/2022,2015-07-09,2016-06-17,350,350,4573,PURCHASE,,2058.53,,,,,,False,False
832203315,832203315,2500.0,368.62,2016-09-19T15:36:09,19.44,Ray's Fries #892291,US,US,05,01,food,True,07/2021,2015-07-09,2016-06-17,350,350,4573,PURCHASE,,2131.38,,,,,,False,False
832203315,832203315,2500.0,349.18,2016-09-20T06:39:22,184.65,Franks Pub #755509,US,US,09,01,food,True,01/2033,2015-07-09,2016-06-17,350,350,4573,PURCHASE,,2150.82,,,,,,False,False
832203315,832203315,2500.0,164.53,2016-09-21T10:20:20,21.84,discount.com,US,US,09,01,online_retail,False,04/2033,2015-07-09,2016-06-17,350,350,4573,PURCHASE,,2335.47,,,,,,False,False
832203315,832203315,2500.0,142.69,2016-09-22T10:46:40,319.67,Dinosaur Sandwitch Bar #303701,CAN,CAN,05,01,food,True,10/2026,2015-07-09,2016-06-17,350,350,4573,PURCHASE,,2357.31,,,,,,False,False
832203315,832203315,2500.0,980.51,2016-09-23T05:45:48,22.05,South Restaurant,US,US,09,01,food,True,08/2024,2015-07-09,2016-06-17,350,350,4573,PURCHASE,,1519.49,,,,,,False,False
832203315,832203315,2500.0,958.46,2016-09-23T13:22:59,249.01,John's Cafe,US,US,05,01,food,True,12/2021,2015-07-09,2016-06-17,350,350,4573,PURCHASE,,1541.54,,,,,,False,False
832203315,832203315,2500.0,709.45,2016-09-24T19:05:08,302.53,Ray's Fries #61396,US,US,05,01,food,True,12/2023,2015-07-09,2016-06-17,350,350,4573,PURCHASE,,1790.55,,,,,,False,False
832203315,832203315,2500.0,406.92,2016-09-25T03:40:08,457.81,Dinosaur Sandwitch Bar #160554,US,US,09,01,food,True,02/2031,2015-07-09,2016-06-17,350,350,4573,PURCHASE,,2093.08,,,,,,False,False
832203315,832203315,2500.0,424.81,2016-09-25T22:19:41,21.72,John's Bistro,US,US,05,01,food,False,03/2028,2015-07-09,2016-06-17,350,350,4573,PURCHASE,,2075.19,,,,,,False,False
832203315,832203315,2500.0,403.09,2016-09-26T19:34:04,271.14,Ray's Fries #61396,US,US,05,08,food,True,12/2030,2015-07-09,2016-06-17,350,350,4573,PURCHASE,,2096.91,,,,,,False,False
832203315,832203315,2500.0,131.95,2016-09-27T03:20:38,61.89,Boston Fries,US,US,05,01,food,True,10/2024,2015-07-09,2016-06-17,350,350,4573,PURCHASE,,2368.05,,,,,,False,False
832203315,832203315,2500.0,2288.59,2016-09-27T16:04:18,166.49,Best Bistro #262998,US,US,80,01,food,True,05/2031,2015-07-09,2016-06-17,350,350,4573,PURCHASE,,211.41,,,,,,False,False
832203315,832203315,2500.0,2122.1,2016-09-28T05:27:24,1.02,South Steakhouse #481929,US,US,02,01,food,True,05/2022,2015-07-09,2016-06-17,350,350,4573,PURCHASE,,377.9,,,,,,False,False
832203315,832203315,2500.0,2121.08,2016-09-28T09:57:12,153.04,1st BBQ,US,US,09,01,food,True,02/2021,2015-07-09,2016-06-17,350,350,4573,PURCHASE,,378.92,,,,,,False,False
832203315,832203315,2500.0,1968.04,2016-09-28T10:42:08,386.84,Boston Cafe #105215,US,US,02,01,food,True,11/2031,2015-07-09,2016-06-17,350,350,4573,PURCHASE,,531.96,,,,,,False,False
832203315,832203315,2500.0,1581.2,2016-09-29T00:37:07,200.06,Best Deli #109276,US,US,05,01,food,True,08/2021,2015-07-09,2016-06-17,350,350,4573,PURCHASE,,918.8,,,,,,False,False
832203315,832203315,2500.0,1381.14,2016-09-29T03:43:39,271.9,34th BBQ #166379,US,US,02,01,food,True,02/2020,2015-07-09,2016-06-17,350,350,4573,PURCHASE,,1118.86,,,,,,False,False
832203315,832203315,2500.0,1109.24,2016-09-29T21:50:25,8.69,Play Store,US,US,09,01,mobileapps,False,03/2026,2015-07-09,2016-06-17,350,350,4573,PURCHASE,,1390.76,,,,,,False,False
832203315,832203315,2500.0,1100.55,2016-09-29T23:10:04,131.69,Franks Cafe,US,US,02,08,food,True,04/2022,2015-07-09,2016-06-17,350,350,4573,PURCHASE,,1399.45,,,,,,False,False
832203315,832203315,2500.0,2500.0,2016-10-01T05:41:20,81.66,Franks Deli,US,US,02,01,food,True,06/2031,2015-07-09,2016-06-17,350,350,4573,PURCHASE,,0.0,,,,,,False,False
832203315,832203315,2500.0,2418.34,2016-10-01T13:58:48,126.36,Franks Deli,US,US,02,08,food,True,01/2025,2015-07-09,2016-06-17,350,350,4573,PURCHASE,,81.66,,,,,,False,False
832203315,832203315,2500.0,2291.98,2016-10-02T04:02:12,27.48,1st Sandwitch Bar #941288,US,US,05,01,food,True,08/2031,2015-07-09,2016-06-17,350,350,4573,PURCHASE,,208.02,,,,,,False,False
832203315,832203315,2500.0,2264.5,2016-10-02T13:40:59,61.68,1st Deli,US,US,02,01,food,True,04/2025,2015-07-09,2016-06-17,350,350,4573,PURCHASE,,235.5,,,,,,False,False
832203315,832203315,2500.0,2202.82,2016-10-02T13:47:43,138.19,Franks Pub #755509,US,US,05,01,food,True,03/2022,2015-07-09,2016-06-17,350,350,4573,PURCHASE,,297.18,,,,,,False,False
832203315,832203315,2500.0,2064.63,2016-10-02T18:38:15,24.46,John's Bistro,US,US,05,01,food,True,05/2025,2015-07-09,2016-06-17,350,350,4573,REVERSAL,,435.37,,,,,,False,False
832203315,832203315,2500.0,2089.09,2016-10-02T20:46:49,638.79,34th BBQ #493821,US,US,09,01,food,True,05/2020,2015-07-09,2016-06-17,350,350,4573,PURCHASE,,410.91,,,,,,False,False
832203315,832203315,2500.0,1450.3,2016-10-03T11:03:34,89.16,Franks Pub #755509,US,US,05,08,food,True,07/2029,2015-07-09,2016-06-17,350,350,4573,PURCHASE,,1049.7,,,,,,False,False
832203315,832203315,2500.0,1361.14,2016-10-03T23:56:54,290.69,Uptown Diner,US,US,05,08,food,True,04/2024,2015-07-09,2016-06-17,350,350,4573,PURCHASE,,1138.86,,,,,,False,False
832203315,832203315,2500.0,1070.45,2016-10-04T06:23:40,337.18,South Steakhouse #335249,US,US,05,01,food,True,02/2022,2015-07-09,2016-06-17,350,350,4573,PURCHASE,,1429.55,,,,,,False,False
832203315,832203315,2500.0,733.27,2016-10-04T08:50:07,110.77,Dinosaur Sandwitch Bar #960325,US,US,09,01,food,True,10/2030,2015-07-09,2016-06-17,350,350,4573,PURCHASE,,1766.73,,,,,,False,False
832203315,832203315,2500.0,622.5,2016-10-05T07:29:37,66.13,1st Pub,US,US,09,01,food,True,02/2027,2015-07-09,2016-06-17,350,350,4573,PURCHASE,,1877.5,,,,,,False,False
832203315,832203315,2500.0,556.37,2016-10-05T11:13:25,10.67,34th BBQ #166379,US,US,02,01,food,True,07/2033,2015-07-09,2016-06-17,350,350,4573,PURCHASE,,1943.63,,,,,,False,False
832203315,832203315,2500.0,545.7,2016-10-05T20:24:36,95.33,Dinosaur Drive in,US,US,02,01,food,True,02/2025,2015-07-09,2016-06-17,350,350,4573,PURCHASE,,1954.3,,,,,,False,False
832203315,832203315,2500.0,450.37,2016-10-06T05:31:59,165.44,apple.com,US,US,05,01,online_retail,False,02/2029,2015-07-09,2016-06-17,350,350,4573,PURCHASE,,2049.63,,,,,,False,False
832203315,832203315,2500.0,284.93,2016-10-06T15:05:20,153.77,Downtown BBQ,US,US,09,08,food,True,07/2024,2015-07-09,2016-06-17,350,350,4573,PURCHASE,,2215.07,,,,,,False,False
832203315,832203315,2500.0,131.16,2016-10-06T17:45:51,48.32,South Cafe,US,US,05,08,food,True,10/2031,2015-07-09,2016-06-17,350,350,4573,PURCHASE,,2368.84,,,,,,False,False
832203315,832203315,2500.0,1652.65,2016-10-07T07:41:45,18.08,South Steakhouse #378389,US,US,05,01,food,True,08/2023,2015-07-09,2016-06-17,350,350,4573,PURCHASE,,847.35,,,,,,False,False
832203315,832203315,2500.0,1634.57,2016-10-07T23:26:34,152.07,South Steakhouse #485411,US,US,02,08,food,True,05/2024,2015-07-09,2016-06-17,350,350,4573,PURCHASE,,865.43,,,,,,False,False
832203315,832203315,2500.0,1482.5,2016-10-09T02:09:33,230.38,Franks Deli,US,US,09,08,food,True,10/2029,2015-07-09,2016-06-17,350,350,4573,PURCHASE,,1017.5,,,,,,False,False
832203315,832203315,2500.0,1252.12,2016-10-09T02:17:32,50.1,South Restaurant,US,US,09,01,food,True,03/2028,2015-07-09,2016-06-17,350,350,4573,PURCHASE,,1247.88,,,,,,False,False
832203315,832203315,2500.0,1202.02,2016-10-09T19:53:51,6.08,LES Pizza,US,US,05,08,food,True,04/2029,2015-07-09,2016-06-17,350,350,4573,PURCHASE,,1297.98,,,,,,False,False
832203315,832203315,2500.0,1195.94,2016-10-10T20:14:33,1.96,Franks Pub #829873,US,US,02,01,food,True,04/2031,2015-07-09,2016-06-17,350,350,4573,PURCHASE,,1304.06,,,,,,False,False
832203315,832203315,2500.0,1193.98,2016-10-10T20:59:27,67.44,Downtown Sandwitch Bar,US,US,02,01,food,True,06/2031,2015-07-09,2016-06-17,350,350,4573,PURCHASE,,1306.02,,,,,,False,False
832203315,832203315,2500.0,1126.54,2016-10-11T02:13:08,131.19,South BBQ,US,US,09,08,food,True,04/2026,2015-07-09,2016-06-17,350,350,4573,PURCHASE,,1373.46,,,,,,False,False
832203315,832203315,2500.0,995.35,2016-10-11T16:57:36,30.41,Boston Cafe #105215,US,US,02,01,food,True,03/2027,2015-07-09,2016-06-17,350,350,4573,PURCHASE,,1504.65,,,,,,False,False
832203315,832203315,2500.0,964.94,2016-10-11T17:22:36,163.48,Boston Cafe #592935,US,US,05,01,food,True,11/2020,2015-07-09,2016-06-17,350,350,4573,PURCHASE,,1535.06,,,,,,False,False
832203315,832203315,2500.0,801.46,2016-10-12T06:29:29,180.34,Franks Sandwitch Bar,US,US,02,01,food,True,11/2020,2015-07-09,2016-06-17,350,350,4573,PURCHASE,,1698.54,,,,,,False,False
832203315,832203315,2500.0,621.12,2016-10-12T10:28:48,53.64,Boston Pub,US,US,09,01,food,True,10/2025,2015-07-09,2016-06-17,350,350,4573,PURCHASE,,1878.88,,,,,,False,False
832203315,832203315,2500.0,567.48,2016-10-15T04:56:21,64.78,34th BBQ #207369,US,US,02,01,food,True,11/2022,2015-07-09,2016-06-17,350,350,4573,PURCHASE,,1932.52,,,,,,False,False
832203315,832203315,2500.0,502.7,2016-10-15T18:17:33,200.06,Best Deli #109276,US,US,05,01,food,True,08/2021,2015-07-09,2016-06-17,350,350,4573,REVERSAL,,1997.3,,,,,,False,False
832203315,832203315,2500.0,702.76,2016-10-15T22:58:41,39.48,Franks Pub #53336,US,US,02,01,food,True,06/2022,2015-07-09,2016-06-17,350,350,4573,PURCHASE,,1797.24,,,,,,False,False
832203315,832203315,2500.0,663.28,2016-10-16T04:37:02,131.69,Franks Cafe,US,US,02,08,food,True,04/2022,2015-07-09,2016-06-17,350,350,4573,REVERSAL,,1836.72,,,,,,False,False
832203315,832203315,2500.0,794.97,2016-10-16T10:59:50,82.53,John's Cafe,US,US,05,01,food,True,12/2020,2015-07-09,2016-06-17,350,350,4573,PURCHASE,,1705.03,,,,,,False,False
832203315,832203315,2500.0,712.44,2016-10-16T16:26:10,258.96,staples.com,US,US,05,01,online_retail,False,10/2031,2015-07-09,2016-06-17,350,350,4573,PURCHASE,,1787.56,,,,,,False,False
832203315,832203315,2500.0,453.48,2016-10-16T21:17:02,61.72,Franks Cafe,US,US,09,08,food,True,03/2023,2015-07-09,2016-06-17,350,350,4573,PURCHASE,,2046.52,,,,,,False,False
832203315,832203315,2500.0,391.76,2016-10-17T10:42:39,598.52,1st Sandwitch Bar #772439,US,US,09,01,food,True,05/2029,2015-07-09,2016-06-17,350,350,4573,PURCHASE,,2108.24,,,,,,False,False
832203315,832203315,2500.0,1781.85,2016-10-18T03:21:00,78.02,South Steakhouse #879581,US,US,05,01,food,True,11/2031,2015-07-09,2016-06-17,350,350,4573,PURCHASE,,718.15,,,,,,False,False
832203315,832203315,2500.0,1703.83,2016-10-18T10:15:01,60.61,Annies Fries,US,US,02,08,food,True,05/2023,2015-07-09,2016-06-17,350,350,4573,PURCHASE,,796.17,,,,,,False,False
832203315,832203315,2500.0,1643.22,2016-10-18T16:36:03,0.0,1st Restaurant,US,US,02,01,food,False,05/2027,2015-07-09,2016-06-17,350,350,4573,ADDRESS_VERIFICATION,,856.78,,,,,,False,False
832203315,832203315,2500.0,1643.22,2016-10-18T17:56:11,178.54,Best Fries,US,US,09,08,food,True,06/2027,2015-07-09,2016-06-17,350,350,4573,PURCHASE,,856.78,,,,,,False,False
832203315,832203315,2500.0,1464.68,2016-10-19T04:38:08,175.3,discount.com,US,US,09,01,online_retail,False,08/2023,2015-07-09,2016-06-17,350,350,4573,PURCHASE,,1035.32,,,,,,False,False
832203315,832203315,2500.0,1289.38,2016-10-19T07:14:44,40.51,South Steakhouse #481929,US,US,02,08,food,True,12/2032,2015-07-09,2016-06-17,350,350,4573,PURCHASE,,1210.62,,,,,,False,False
832203315,832203315,2500.0,1248.87,2016-10-19T19:47:10,53.62,34th Bistro,US,US,09,01,food,True,05/2031,2015-07-09,2016-06-17,350,350,4573,PURCHASE,,1251.13,,,,,,False,False
832203315,832203315,2500.0,1195.25,2016-10-20T11:48:19,241.72,discount.com,US,US,05,01,online_retail,False,02/2028,2015-07-09,2016-06-17,350,350,4573,PURCHASE,,1304.75,,,,,,False,False
832203315,832203315,2500.0,953.53,2016-10-20T16:00:25,74.58,South Steakhouse #796913,US,US,05,01,food,False,12/2027,2015-07-09,2016-06-17,350,350,4573,PURCHASE,,1546.47,,,,,,False,False
832203315,832203315,2500.0,878.95,2016-10-21T02:40:48,49.66,discount.com,US,US,09,01,online_retail,False,05/2026,2015-07-09,2016-06-17,350,350,4573,PURCHASE,,1621.05,,,,,,False,False
832203315,832203315,2500.0,829.29,2016-10-21T09:17:10,67.57,Ray's Fries #61396,US,US,09,01,food,True,04/2029,2015-07-09,2016-06-17,350,350,4573,PURCHASE,,1670.71,,,,,,False,False
832203315,832203315,2500.0,761.72,2016-10-21T18:10:21,25.96,34th BBQ #493821,US,US,05,01,food,True,01/2030,2015-07-09,2016-06-17,350,350,4573,PURCHASE,,1738.28,,,,,,False,False
832203315,832203315,2500.0,735.76,2016-10-22T02:05:44,132.64,South Steakhouse #879581,US,US,02,01,food,True,04/2029,2015-07-09,2016-06-17,350,350,4573,PURCHASE,,1764.24,,,,,,False,False
832203315,832203315,2500.0,603.12,2016-10-22T05:47:56,51.37,Franks Pub #755509,US,US,09,01,food,True,03/2033,2015-07-09,2016-06-17,350,350,4573,PURCHASE,,1896.88,,,,,,False,False
832203315,832203315,2500.0,551.75,2016-10-22T10:39:29,186.29,1st BBQ,US,US,05,08,food,True,05/2025,2015-07-09,2016-06-17,350,350,4573,PURCHASE,,1948.25,,,,,,False,False
832203315,832203315,2500.0,365.46,2016-10-23T03:25:01,674.18,Best Pub,US,US,05,01,food,True,08/2024,2015-07-09,2016-06-17,350,350,4573,PURCHASE,,2134.54,,,,,,False,False
832203315,832203315,2500.0,445.77,2016-10-23T04:10:40,83.02,Franks Restaurant,US,US,09,08,food,True,04/2027,2015-07-09,2016-06-17,350,350,4573,PURCHASE,,2054.23,,,,,,False,False
832203315,832203315,2500.0,362.75,2016-10-23T18:57:32,220.83,Ray's Fries #312615,US,US,02,01,food,True,03/2022,2015-07-09,2016-06-17,350,350,4573,PURCHASE,,2137.25,,,,,,False,False
832203315,832203315,2500.0,141.92,2016-10-24T07:31:34,41.93,John's Cafe,US,US,05,01,food,True,01/2023,2015-07-09,2016-06-17,350,350,4573,PURCHASE,,2358.08,,,,,,False,False
832203315,832203315,2500.0,1043.36,2016-10-24T11:20:28,54.08,South Drive in,US,US,05,01,food,True,08/2028,2015-07-09,2016-06-17,350,350,4573,PURCHASE,,1456.64,,,,,,False,False
832203315,832203315,2500.0,989.28,2016-10-25T04:44:06,137.08,34th Bistro,US,US,09,01,food,True,12/2031,2015-07-09,2016-06-17,350,350,4573,PURCHASE,,1510.72,,,,,,False,False
832203315,832203315,2500.0,852.2,2016-10-27T12:40:51,0.0,Franks Pub #86033,US,US,05,08,food,False,01/2032,2015-07-09,2016-06-17,350,350,4573,ADDRESS_VERIFICATION,,1647.8,,,,,,False,False
832203315,832203315,2500.0,852.2,2016-10-27T18:52:27,112.12,South Steakhouse #335249,US,US,05,01,food,True,09/2020,2015-07-09,2016-06-17,350,350,4573,PURCHASE,,1647.8,,,,,,False,False
832203315,832203315,2500.0,740.08,2016-10-28T18:18:59,29.89,John's Bistro,US,US,02,01,food,True,06/2024,2015-07-09,2016-06-17,350,350,4573,PURCHASE,,1759.92,,,,,,False,False
832203315,832203315,2500.0,710.19,2016-10-29T00:22:14,308.41,1st Sandwitch Bar #758805,US,US,90,01,food,True,01/2031,2015-07-09,2016-06-17,350,350,4573,PURCHASE,,1789.81,,,,,,False,False
832203315,832203315,2500.0,401.78,2016-10-29T02:10:26,33.68,Best Fries,US,US,05,01,food,True,04/2028,2015-07-09,2016-06-17,350,350,4573,PURCHASE,,2098.22,,,,,,False,False
832203315,832203315,2500.0,368.1,2016-10-29T06:51:03,381.3,Boston Diner,US,US,05,01,food,True,05/2026,2015-07-09,2016-06-17,350,350,4573,PURCHASE,,2131.9,,,,,,False,False
832203315,832203315,2500.0,1459.81,2016-10-29T08:32:13,28.17,South Steakhouse #485411,US,US,02,01,food,True,03/2031,2015-07-09,2016-06-17,350,350,4573,PURCHASE,,1040.19,,,,,,True,False
832203315,832203315,2500.0,1431.64,2016-10-29T10:18:40,199.03,South Steakhouse #481929,US,US,09,01,food,True,08/2024,2015-07-09,2016-06-17,350,350,4573,PURCHASE,,1068.36,,,,,,False,False
832203315,832203315,2500.0,1232.61,2016-10-29T21:26:30,85.14,Uptown BBQ,US,US,02,01,food,True,10/2030,2015-07-09,2016-06-17,350,350,4573,PURCHASE,,1267.39,,,,,,False,False
832203315,832203315,2500.0,1147.47,2016-10-30T11:06:39,105.05,Franks Pub #632075,US,US,05,01,food,True,10/2028,2015-07-09,2016-06-17,350,350,4573,PURCHASE,,1352.53,,,,,,False,False
832203315,832203315,2500.0,1042.42,2016-10-30T12:58:25,95.29,Franks Pub #86033,US,US,05,01,food,True,11/2027,2015-07-09,2016-06-17,350,350,4573,PURCHASE,,1457.58,,,,,,False,False
832203315,832203315,2500.0,947.13,2016-10-30T16:35:22,8.69,Play Store,US,US,09,01,mobileapps,False,03/2026,2015-07-09,2016-06-17,350,350,4573,PURCHASE,,1552.87,,,,,,False,False
832203315,832203315,2500.0,938.44,2016-10-31T16:50:05,10.61,Dinosaur Sandwitch Bar #160554,US,US,02,01,food,True,03/2028,2015-07-09,2016-06-17,350,350,4573,PURCHASE,,1561.56,,,,,,False,False
832203315,832203315,2500.0,2500.0,2016-11-01T23:08:06,49.43,South Steakhouse #253522,US,US,02,01,food,True,01/2021,2015-07-09,2016-06-17,350,350,4573,PURCHASE,,0.0,,,,,,False,False
832203315,832203315,2500.0,2450.57,2016-11-02T01:51:47,84.24,South Steakhouse #378389,US,US,09,08,food,True,01/2030,2015-07-09,2016-06-17,350,350,4573,PURCHASE,,49.43,,,,,,False,False
832203315,832203315,2500.0,2366.33,2016-11-02T01:59:53,45.79,Dinosaur Sandwitch Bar #249717,US,US,05,08,food,True,11/2023,2015-07-09,2016-06-17,350,350,4573,PURCHASE,,133.67,,,,,,False,False
832203315,832203315,2500.0,2320.54,2016-11-02T18:57:32,9.72,Franks Cafe,US,US,02,01,food,True,02/2031,2015-07-09,2016-06-17,350,350,4573,PURCHASE,,179.46,,,,,,False,False
832203315,832203315,2500.0,2310.82,2016-11-02T19:01:10,6.43,Boston Fries,US,US,05,08,food,True,03/2025,2015-07-09,2016-06-17,350,350,4573,PURCHASE,,189.18,,,,,,False,False
832203315,832203315,2500.0,2304.39,2016-11-03T00:14:23,6.56,Boston Cafe #465229,US,US,02,08,food,True,05/2033,2015-07-09,2016-06-17,350,350,4573,PURCHASE,,195.61,,,,,,False,False
832203315,832203315,2500.0,2297.83,2016-11-03T06:51:48,131.89,South Steakhouse #73819,US,US,02,01,food,True,12/2020,2015-07-09,2016-06-17,350,350,4573,PURCHASE,,202.17,,,,,,False,False
832203315,832203315,2500.0,2165.94,2016-11-03T10:39:08,10.33,Franks Sandwitch Bar,US,US,05,01,food,True,11/2020,2015-07-09,2016-06-17,350,350,4573,PURCHASE,,334.06,,,,,,False,False
832203315,832203315,2500.0,2155.61,2016-11-05T00:52:06,25.26,Best Deli #329705,US,US,05,01,food,True,08/2030,2015-07-09,2016-06-17,350,350,4573,PURCHASE,,344.39,,,,,,False,False
832203315,832203315,2500.0,2130.35,2016-11-05T03:36:24,121.24,Downtown Pub,US,US,02,01,food,True,09/2030,2015-07-09,2016-06-17,350,350,4573,PURCHASE,,369.65,,,,,,False,False
832203315,832203315,2500.0,2009.11,2016-11-05T09:58:25,72.06,Best Fries,US,US,09,01,food,True,10/2029,2015-07-09,2016-06-17,350,350,4573,PURCHASE,,490.89,,,,,,False,False
832203315,832203315,2500.0,1937.05,2016-11-05T11:50:05,181.86,Best Deli #329705,US,US,05,01,food,True,06/2033,2015-07-09,2016-06-17,350,350,4573,PURCHASE,,562.95,,,,,,False,False
832203315,832203315,2500.0,1755.19,2016-11-05T14:43:12,8.49,Dinosaur Sandwitch Bar #160554,US,US,05,01,food,True,06/2032,2015-07-09,2016-06-17,350,350,4573,PURCHASE,,744.81,,,,,,False,False
832203315,832203315,2500.0,1746.7,2016-11-06T04:02:51,151.47,Downtown BBQ,US,US,02,08,food,True,03/2025,2015-07-09,2016-06-17,350,350,4573,PURCHASE,,753.3,,,,,,False,False
832203315,832203315,2500.0,1595.23,2016-11-06T04:58:30,76.83,Downtown Pub,US,US,09,01,food,True,09/2021,2015-07-09,2016-06-17,350,350,4573,PURCHASE,,904.77,,,,,,False,False
832203315,832203315,2500.0,1518.4,2016-11-06T16:59:14,53.01,South Steakhouse #879581,US,US,05,01,food,True,11/2020,2015-07-09,2016-06-17,350,350,4573,PURCHASE,,981.6,,,,,,False,False
832203315,832203315,2500.0,1465.39,2016-11-06T22:00:33,151.29,Annies Fries,US,US,09,01,food,True,12/2029,2015-07-09,2016-06-17,350,350,4573,PURCHASE,,1034.61,,,,,,False,False
832203315,832203315,2500.0,1314.1,2016-11-07T01:04:38,35.96,34th BBQ #538716,US,US,05,01,food,True,05/2027,2015-07-09,2016-06-17,350,350,4573,PURCHASE,,1185.9,,,,,,False,False
832203315,832203315,2500.0,1278.14,2016-11-07T13:13:27,116.51,South Cafe,US,US,09,01,food,True,01/2025,2015-07-09,2016-06-17,350,350,4573,PURCHASE,,1221.86,,,,,,False,False
832203315,832203315,2500.0,1161.63,2016-11-07T18:37:33,55.63,Franks Pub #87366,US,US,02,01,food,True,03/2023,2015-07-09,2016-06-17,350,350,4573,PURCHASE,,1338.37,,,,,,False,False
832203315,832203315,2500.0,1106.0,2016-11-09T01:37:23,104.8,oldnavy.com,US,US,09,01,online_retail,False,06/2020,2015-07-09,2016-06-17,350,350,4573,PURCHASE,,1394.0,,,,,,False,False
832203315,832203315,2500.0,1001.2,2016-11-09T02:20:30,335.93,Uptown Diner,US,US,09,08,food,True,12/2020,2015-07-09,2016-06-17,350,350,4573,PURCHASE,,1498.8,,,,,,False,False
832203315,832203315,2500.0,665.27,2016-11-09T22:49:41,336.47,Franks Pub #755509,US,US,05,01,food,True,06/2023,2015-07-09,2016-06-17,350,350,4573,PURCHASE,,1834.73,,,,,,False,False
832203315,832203315,2500.0,328.8,2016-11-10T13:06:41,25.63,34th BBQ #192302,US,US,05,01,food,True,07/2032,2015-07-09,2016-06-17,350,350,4573,PURCHASE,,2171.2,,,,,,False,False
832203315,832203315,2500.0,303.17,2016-11-10T17:39:08,58.3,34th Diner,US,US,09,01,food,True,04/2021,2015-07-09,2016-06-17,350,350,4573,PURCHASE,,2196.83,,,,,,False,False
832203315,832203315,2500.0,244.87,2016-11-10T23:50:42,51.08,South Steakhouse #253522,US,US,05,01,food,True,07/2033,2015-07-09,2016-06-17,350,350,4573,PURCHASE,,2255.13,,,,,,False,False
832203315,832203315,2500.0,193.79,2016-11-10T23:53:05,51.08,South Steakhouse #253522,US,US,05,01,food,True,07/2033,2015-07-09,2016-06-17,350,350,4573,PURCHASE,,2306.21,,,,,,False,False
832203315,832203315,2500.0,142.71,2016-11-11T01:53:28,145.1,Best Bistro #262998,CAN,CAN,05,01,food,True,07/2032,2015-07-09,2016-06-17,350,350,4573,PURCHASE,,2357.29,,,,,,False,False
832203315,832203315,2500.0,1862.59,2016-11-11T11:56:46,89.19,Ray's Fries #892291,US,US,05,08,food,True,08/2029,2015-07-09,2016-06-17,350,350,4573,PURCHASE,,637.41,,,,,,False,False
832203315,832203315,2500.0,1773.4,2016-11-11T14:42:36,14.53,Dinosaur Sandwitch Bar #160554,US,US,02,01,food,True,04/2030,2015-07-09,2016-06-17,350,350,4573,PURCHASE,,726.6,,,,,,False,False
832203315,832203315,2500.0,1758.87,2016-11-11T17:00:49,37.6,Franks Pub #86033,US,US,05,01,food,True,12/2021,2015-07-09,2016-06-17,350,350,4573,PURCHASE,,741.13,,,,,,False,False
832203315,832203315,2500.0,1721.27,2016-11-11T21:24:34,22.72,34th Diner,US,US,05,01,food,True,02/2022,2015-07-09,2016-06-17,350,350,4573,PURCHASE,,778.73,,,,,,True,False
832203315,832203315,2500.0,1698.55,2016-11-12T06:41:04,45.41,1st Pub,US,US,05,01,food,True,04/2027,2015-07-09,2016-06-17,350,350,4573,PURCHASE,,801.45,,,,,,False,False
832203315,832203315,2500.0,1653.14,2016-11-13T09:10:05,4.36,Boston Pub,US,US,02,01,food,True,01/2030,2015-07-09,2016-06-17,350,350,4573,PURCHASE,,846.86,,,,,,False,False
832203315,832203315,2500.0,1648.78,2016-11-13T09:23:06,84.29,Downtown Sandwitch Bar,US,US,02,01,food,True,03/2033,2015-07-09,2016-06-17,350,350,4573,PURCHASE,,851.22,,,,,,False,False
832203315,832203315,2500.0,1564.49,2016-11-13T19:06:37,169.62,34th BBQ #538716,US,US,09,01,food,True,11/2022,2015-07-09,2016-06-17,350,350,4573,PURCHASE,,935.51,,,,,,False,False
832203315,832203315,2500.0,1394.87,2016-11-13T22:42:00,102.95,South Cafe,US,US,05,01,food,True,09/2024,2015-07-09,2016-06-17,350,350,4573,PURCHASE,,1105.13,,,,,,False,False
832203315,832203315,2500.0,1291.92,2016-11-13T22:45:15,43.7,LES Pizza,US,US,02,08,food,True,09/2027,2015-07-09,2016-06-17,350,350,4573,PURCHASE,,1208.08,,,,,,False,False
832203315,832203315,2500.0,1248.22,2016-11-14T00:27:32,171.27,1st Deli,US,US,90,01,food,True,09/2024,2015-07-09,2016-06-17,350,350,4573,PURCHASE,,1251.78,,,,,,False,False
832203315,832203315,2500.0,1076.95,2016-11-14T13:00:37,139.51,34th Bistro,US,US,02,01,food,True,12/2031,2015-07-09,2016-06-17,350,350,4573,PURCHASE,,1423.05,,,,,,False,False
832203315,832203315,2500.0,937.44,2016-11-14T23:45:37,5.34,34th Diner,US,US,05,01,food,True,02/2032,2015-07-09,2016-06-17,350,350,4573,PURCHASE,,1562.56,,,,,,False,False
832203315,832203315,2500.0,932.1,2016-11-15T10:49:51,112.47,Boston Fries,US,US,05,08,food,True,06/2027,2015-07-09,2016-06-17,350,350,4573,PURCHASE,,1567.9,,,,,,False,False
832203315,832203315,2500.0,819.63,2016-11-17T03:11:03,205.16,Franks Sandwitch Bar,US,US,05,08,food,True,02/2032,2015-07-09,2016-06-17,350,350,4573,PURCHASE,,1680.37,,,,,,False,False
832203315,832203315,2500.0,614.47,2016-11-17T03:34:14,92.04,1st Restaurant,US,US,05,08,food,True,05/2021,2015-07-09,2016-06-17,350,350,4573,PURCHASE,,1885.53,,,,,,False,False
832203315,832203315,2500.0,522.43,2016-11-17T19:51:15,22.56,Best Deli #109276,US,US,09,01,food,True,10/2025,2015-07-09,2016-06-17,350,350,4573,PURCHASE,,1977.57,,,,,,False,False
832203315,832203315,2500.0,499.87,2016-11-17T23:52:29,82.14,Dinosaur Drive in,US,US,05,01,food,True,08/2027,2015-07-09,2016-06-17,350,350,4573,PURCHASE,,2000.13,,,,,,False,False
832203315,832203315,2500.0,417.73,2016-11-18T01:59:27,6.43,Boston Fries,US,US,05,08,food,True,03/2025,2015-07-09,2016-06-17,350,350,4573,REVERSAL,,2082.27,,,,,,False,False
832203315,832203315,2500.0,424.16,2016-11-19T01:00:28,165.28,1st BBQ,US,US,90,01,food,True,06/2024,2015-07-09,2016-06-17,350,350,4573,PURCHASE,,2075.84,,,,,,False,False
832203315,832203315,2500.0,258.88,2016-11-19T03:13:31,178.55,South BBQ,US,US,09,01,food,True,03/2028,2015-07-09,2016-06-17,350,350,4573,PURCHASE,,2241.12,,,,,,False,False
832203315,832203315,2500.0,1802.3,2016-11-19T06:33:44,363.5,Best Deli #109276,US,US,09,01,food,True,12/2025,2015-07-09,2016-06-17,350,350,4573,PURCHASE,,697.7,,,,,,False,False
832203315,832203315,2500.0,1438.8,2016-11-19T16:58:25,63.02,Boston Bistro,US,US,05,08,food,True,12/2030,2015-07-09,2016-06-17,350,350,4573,PURCHASE,,1061.2,,,,,,False,False
832203315,832203315,2500.0,1375.78,2016-11-19T18:32:56,34.63,Ray's Fries #61396,US,US,05,01,food,True,01/2020,2015-07-09,2016-06-17,350,350,4573,PURCHASE,,1124.22,,,,,,False,False
832203315,832203315,2500.0,1341.15,2016-11-20T21:05:40,78.92,Boston Cafe #105215,US,US,02,01,food,True,11/2030,2015-07-09,2016-06-17,350,350,4573,PURCHASE,,1158.85,,,,,,False,False
832203315,832203315,2500.0,1262.23,2016-11-21T03:20:34,155.71,1st Sandwitch Bar #772439,US,US,05,01,food,True,10/2027,2015-07-09,2016-06-17,350,350,4573,PURCHASE,,1237.77,,,,,,False,False
832203315,832203315,2500.0,1106.52,2016-11-21T03:39:09,85.06,1st Deli,US,US,05,01,food,True,08/2027,2015-07-09,2016-06-17,350,350,4573,PURCHASE,,1393.48,,,,,,False,False
832203315,832203315,2500.0,1021.46,2016-11-21T13:23:10,49.57,Uptown Diner,US,US,05,01,food,True,09/2021,2015-07-09,2016-06-17,350,350,4573,PURCHASE,,1478.54,,,,,,False,False
832203315,832203315,2500.0,971.89,2016-11-22T07:20:59,233.48,Boston Pub,US,US,05,01,food,True,12/2020,2015-07-09,2016-06-17,350,350,4573,PURCHASE,,1528.11,,,,,,False,False
832203315,832203315,2500.0,738.41,2016-11-22T08:47:11,382.53,1st Sandwitch Bar #119707,US,US,02,01,food,True,04/2027,2015-07-09,2016-06-17,350,350,4573,PURCHASE,,1761.59,,,,,,False,False
832203315,832203315,2500.0,355.88,2016-11-22T10:37:30,301.06,Best Deli #109276,US,US,09,08,food,True,12/2029,2015-07-09,2016-06-17,350,350,4573,PURCHASE,,2144.12,,,,,,False,False
832203315,832203315,2500.0,1104.67,2016-11-22T14:55:21,10.39,Franks Pub #829873,US,US,09,01,food,True,02/2029,2015-07-09,2016-06-17,350,350,4573,PURCHASE,,1395.33,,,,,,False,False
832203315,832203315,2500.0,1094.28,2016-11-23T01:37:17,47.89,Ray's Fries #24425,US,US,05,01,food,True,08/2029,2015-07-09,2016-06-17,350,350,4573,PURCHASE,,1405.72,,,,,,False,False
832203315,832203315,2500.0,1046.39,2016-11-23T05:34:55,381.3,Boston Diner,US,US,05,01,food,True,05/2026,2015-07-09,2016-11-23,350,350,4573,REVERSAL,,1453.61,,,,,,False,False
832203315,832203315,2500.0,1427.69,2016-11-23T08:27:08,75.06,34th BBQ #214431,US,US,09,01,food,True,09/2032,2015-07-09,2016-11-23,350,350,4573,PURCHASE,,1072.31,,,,,,False,False
832203315,832203315,2500.0,1352.63,2016-11-23T09:17:22,15.23,Ray's Fries #745083,US,US,05,08,food,True,07/2022,2015-07-09,2016-11-23,350,350,4573,PURCHASE,,1147.37,,,,,,False,False
832203315,832203315,2500.0,1337.4,2016-11-23T14:55:10,417.45,Hyatt House #770440,US,US,80,01,hotels,False,08/2032,2015-07-09,2016-11-23,350,350,4573,PURCHASE,,1162.6,,,,,,False,False
832203315,832203315,2500.0,919.95,2016-11-23T18:17:11,17.74,Best Deli #100511,US,US,05,01,food,True,08/2033,2015-07-09,2016-11-23,350,350,4573,PURCHASE,,1580.05,,,,,,True,False
832203315,832203315,2500.0,902.21,2016-11-23T20:36:00,461.65,Boston Fries,US,US,09,01,food,True,07/2030,2015-07-09,2016-11-23,350,350,4573,PURCHASE,,1597.79,,,,,,False,False
832203315,832203315,2500.0,440.56,2016-11-23T22:54:24,108.3,LES Pizza,US,US,02,01,food,True,09/2032,2015-07-09,2016-11-23,350,350,4573,PURCHASE,,2059.44,,,,,,False,False
832203315,832203315,2500.0,332.26,2016-11-24T09:20:18,190.62,1st Pub,US,US,09,01,food,True,03/2030,2015-07-09,2016-11-23,350,350,4573,PURCHASE,,2167.74,,,,,,False,False
832203315,832203315,2500.0,141.64,2016-11-25T00:29:13,0.61,Downtown Pub,US,US,05,01,food,True,08/2023,2015-07-09,2016-11-23,350,350,4573,PURCHASE,,2358.36,,,,,,False,False
832203315,832203315,2500.0,141.03,2016-11-25T10:47:47,337.41,South Steakhouse #335249,US,US,09,01,food,True,05/2027,2015-07-09,2016-11-23,350,350,4573,PURCHASE,,2358.97,,,,,,False,False
832203315,832203315,2500.0,1.39,2016-11-25T20:41:21,249.97,Franks Pub #53336,US,US,02,99,food,True,05/2031,2015-07-09,2016-11-23,350,350,4573,PURCHASE,,2498.61,,,,,,False,False
832203315,832203315,2500.0,832.59,2016-11-26T00:04:46,0.0,Ray's Fries #61396,US,US,09,01,food,False,01/2021,2015-07-09,2016-11-23,350,350,4573,ADDRESS_VERIFICATION,,1667.41,,,,,,False,False
832203315,832203315,2500.0,832.59,2016-11-26T01:42:02,47.9,Franks Pub #632075,US,US,09,08,food,True,01/2033,2015-07-09,2016-11-23,350,350,4573,PURCHASE,,1667.41,,,,,,False,False
832203315,832203315,2500.0,784.69,2016-11-26T06:13:51,21.21,South Steakhouse #253522,US,US,05,01,food,True,04/2022,2015-07-09,2016-11-23,350,350,4573,PURCHASE,,1715.31,,,,,,False,False
832203315,832203315,2500.0,763.48,2016-11-26T15:40:37,167.02,South Steakhouse #253522,US,US,09,01,food,True,04/2028,2015-07-09,2016-11-23,350,350,4573,PURCHASE,,1736.52,,,,,,False,False
832203315,832203315,2500.0,596.46,2016-11-26T15:41:01,167.02,South Steakhouse #253522,US,US,09,01,food,True,04/2028,2015-07-09,2016-11-23,350,350,4573,REVERSAL,,1903.54,,,,,,False,False
832203315,832203315,2500.0,763.48,2016-11-26T22:01:22,0.0,Franks Pub #86033,US,US,05,01,food,False,07/2021,2015-07-09,2016-11-23,350,350,4573,ADDRESS_VERIFICATION,,1736.52,,,,,,False,False
832203315,832203315,2500.0,763.48,2016-11-27T16:05:27,38.08,Best Fries,US,US,05,01,food,True,10/2028,2015-07-09,2016-11-23,350,350,4573,PURCHASE,,1736.52,,,,,,False,False
832203315,832203315,2500.0,725.4,2016-11-27T20:17:50,88.32,Franks Cafe,US,US,02,01,food,True,12/2025,2015-07-09,2016-11-23,350,350,4573,PURCHASE,,1774.6,,,,,,False,False
832203315,832203315,2500.0,637.08,2016-11-28T08:39:55,24.66,34th BBQ #214431,US,US,05,01,food,False,04/2020,2015-07-09,2016-11-23,350,350,4573,PURCHASE,,1862.92,,,,,,False,False
832203315,832203315,2500.0,612.42,2016-11-28T23:41:57,96.31,1st Sandwitch Bar #941288,US,US,05,01,food,True,02/2024,2015-07-09,2016-11-23,350,350,4573,PURCHASE,,1887.58,,,,,,False,False
832203315,832203315,2500.0,516.11,2016-11-29T02:15:37,41.66,Best Deli #109276,US,US,09,01,food,True,09/2031,2015-07-09,2016-11-23,350,350,4573,PURCHASE,,1983.89,,,,,,False,False
832203315,832203315,2500.0,474.45,2016-11-29T03:51:12,257.98,Franks Pub #632075,US,US,05,01,food,True,07/2030,2015-07-09,2016-11-23,350,350,4573,PURCHASE,,2025.55,,,,,,False,False
832203315,832203315,2500.0,216.47,2016-11-29T11:50:10,75.99,Franks Restaurant,US,US,02,01,food,False,07/2033,2015-07-09,2016-11-23,350,350,4573,PURCHASE,,2283.53,,,,,,False,False
832203315,832203315,2500.0,140.48,2016-11-29T18:53:54,8.69,Play Store,US,US,09,01,mobileapps,False,03/2026,2015-07-09,2016-11-23,350,350,4573,PURCHASE,,2359.52,,,,,,False,False
832203315,832203315,2500.0,131.79,2016-11-30T03:55:36,65.67,Best Fries,US,US,09,01,food,True,09/2021,2015-07-09,2016-11-23,350,350,4573,PURCHASE,,2368.21,,,,,,False,False
832203315,832203315,2500.0,1033.84,2016-11-30T23:34:52,37.94,Ray's Fries #153092,US,US,05,01,food,True,06/2023,2015-07-09,2016-11-23,350,350,4573,PURCHASE,,1466.16,,,,,,False,False
832203315,832203315,2500.0,2500.0,2016-12-01T06:57:54,305.36,Ray's Fries #61396,US,US,05,08,food,True,01/2031,2015-07-09,2016-11-23,350,350,4573,PURCHASE,,0.0,,,,,,False,False
832203315,832203315,2500.0,2194.64,2016-12-01T08:19:23,21.81,Ray's Fries #312615,US,US,09,01,food,True,06/2033,2015-07-09,2016-11-23,350,350,4573,PURCHASE,,305.36,,,,,,False,False
832203315,832203315,2500.0,2172.83,2016-12-01T11:36:55,4.68,Downtown Diner,US,US,09,08,food,True,11/2030,2015-07-09,2016-11-23,350,350,4573,PURCHASE,,327.17,,,,,,False,False
832203315,832203315,2500.0,2168.15,2016-12-01T18:36:08,90.19,Franks Pub #86033,US,US,05,01,food,True,10/2020,2015-07-09,2016-11-23,350,350,4573,PURCHASE,,331.85,,,,,,False,False
832203315,832203315,2500.0,2077.96,2016-12-02T18:32:53,73.3,1st Sandwitch Bar #758805,US,US,05,01,food,True,12/2019,2015-07-09,2016-11-23,350,350,4573,PURCHASE,,422.04,,,,,,False,False
832203315,832203315,2500.0,2004.66,2016-12-03T13:08:31,210.98,1st Pub,US,US,09,01,food,True,04/2029,2015-07-09,2016-11-23,350,350,4573,PURCHASE,,495.34,,,,,,False,False
832203315,832203315,2500.0,1793.68,2016-12-03T17:41:54,267.0,Best Fries,US,US,02,01,food,True,05/2020,2015-07-09,2016-11-23,350,350,4573,PURCHASE,,706.32,,,,,,False,False
832203315,832203315,2500.0,1526.68,2016-12-03T19:06:05,161.74,Best Deli #109276,US,US,05,01,food,False,05/2029,2015-07-09,2016-11-23,350,350,4573,PURCHASE,,973.32,,,,,,False,False
832203315,832203315,2500.0,1364.94,2016-12-03T19:06:35,161.74,Best Deli #109276,US,US,05,01,food,False,05/2029,2015-07-09,2016-11-23,350,350,4573,REVERSAL,,1135.06,,,,,,False,False
832203315,832203315,2500.0,1526.68,2016-12-04T12:21:02,49.23,Best Deli #316476,MEX,MEX,90,01,food,True,06/2029,2015-07-09,2016-11-23,350,350,4573,PURCHASE,,973.32,,,,,,False,False
832203315,832203315,2500.0,1477.45,2016-12-06T14:06:27,382.71,Annies Fries,US,US,09,01,food,True,09/2025,2015-07-09,2016-11-23,350,350,4573,PURCHASE,,1022.55,,,,,,False,False
832203315,832203315,2500.0,1094.74,2016-12-06T15:34:38,240.87,Uptown Fries,US,US,02,01,food,True,04/2020,2015-07-09,2016-11-23,350,350,4573,PURCHASE,,1405.26,,,,,,False,False
832203315,832203315,2500.0,853.87,2016-12-07T04:12:05,28.74,South Restaurant,US,US,09,01,food,True,12/2031,2015-07-09,2016-11-23,350,350,4573,PURCHASE,,1646.13,,,,,,False,False
832203315,832203315,2500.0,825.13,2016-12-08T05:19:11,153.52,NY BBQ,US,US,09,01,food,True,03/2026,2015-07-09,2016-11-23,350,350,4573,PURCHASE,,1674.87,,,,,,False,True
832203315,832203315,2500.0,671.61,2016-12-08T12:04:19,75.99,South Sandwitch Bar,US,US,05,01,food,True,02/2031,2015-07-09,2016-11-23,350,350,4573,PURCHASE,,1828.39,,,,,,False,False
832203315,832203315,2500.0,595.62,2016-12-08T17:26:27,33.04,Dinosaur Sandwitch Bar #960325,US,US,02,99,food,True,09/2030,2015-07-09,2016-11-23,350,350,4573,PURCHASE,,1904.38,,,,,,False,False
832203315,832203315,2500.0,562.58,2016-12-09T19:46:12,112.04,Downtown Diner,US,US,09,01,food,True,09/2021,2015-07-09,2016-11-23,350,350,4573,PURCHASE,,1937.42,,,,,,False,False
832203315,832203315,2500.0,450.54,2016-12-09T23:08:58,154.92,Ray's Fries #312615,US,US,80,08,food,True,11/2031,2015-07-09,2016-11-23,350,350,4573,PURCHASE,,2049.46,,,,,,False,False
832203315,832203315,2500.0,295.62,2016-12-10T09:06:16,138.55,34th BBQ #493821,US,US,09,01,food,True,12/2032,2015-07-09,2016-11-23,350,350,4573,PURCHASE,,2204.38,,,,,,False,False
832203315,832203315,2500.0,157.07,2016-12-10T18:09:40,3.46,South Steakhouse #796913,US,US,02,01,food,True,01/2032,2015-07-09,2016-11-23,350,350,4573,PURCHASE,,2342.93,,,,,,False,False
832203315,832203315,2500.0,153.61,2016-12-10T18:25:05,87.52,1st Sandwitch Bar #396252,US,US,05,08,food,True,01/2026,2015-07-09,2016-11-23,350,350,4573,PURCHASE,,2346.39,,,,,,False,False
832203315,832203315,2500.0,2313.2,2016-12-10T19:20:34,704.89,John's Cafe,US,US,05,08,food,True,06/2023,2015-07-09,2016-11-23,350,350,4573,PURCHASE,,186.8,,,,,,False,False
832203315,832203315,2500.0,1608.31,2016-12-10T19:58:49,299.14,Uptown Diner,US,US,05,01,food,True,07/2029,2015-07-09,2016-11-23,350,350,4573,PURCHASE,,891.69,,,,,,False,False
832203315,832203315,2500.0,1309.17,2016-12-11T12:41:34,351.2,Dinosaur Sandwitch Bar #303701,US,US,09,08,food,True,05/2033,2015-07-09,2016-11-23,350,350,4573,PURCHASE,,1190.83,,,,,,False,False
832203315,832203315,2500.0,957.97,2016-12-11T18:10:49,857.46,Downtown Diner,US,US,05,01,food,True,01/2032,2015-07-09,2016-11-23,350,350,4573,PURCHASE,,1542.03,,,,,,False,False
832203315,832203315,2500.0,2346.87,2016-12-11T22:50:46,573.08,Best Deli #316476,US,US,02,01,food,True,10/2024,2015-07-09,2016-11-23,350,350,4573,PURCHASE,,153.13,,,,,,False,False
832203315,832203315,2500.0,1773.79,2016-12-12T10:08:55,108.8,Annies Fries,US,US,09,01,food,True,06/2029,2015-07-09,2016-11-23,350,350,4573,PURCHASE,,726.21,,,,,,False,False
832203315,832203315,2500.0,1664.99,2016-12-12T10:10:24,67.63,Annies Fries,US,US,09,01,food,True,06/2029,2015-07-09,2016-11-23,350,350,4573,REVERSAL,,835.01,,,,,,False,False
832203315,832203315,2500.0,1732.62,2016-12-12T17:24:37,42.28,1st Sandwitch Bar #119707,US,US,09,01,food,True,06/2026,2015-07-09,2016-11-23,350,350,4573,PURCHASE,,767.38,,,,,,False,False
832203315,832203315,2500.0,1690.34,2016-12-13T05:58:54,101.16,Franks Pub #86033,US,US,05,01,food,True,05/2026,2015-07-09,2016-11-23,350,350,4573,PURCHASE,,809.66,,,,,,False,False
832203315,832203315,2500.0,1589.18,2016-12-13T06:11:50,80.32,Best Bistro #262998,US,US,09,01,food,True,07/2032,2015-07-09,2016-11-23,350,350,4573,PURCHASE,,910.82,,,,,,False,False
832203315,832203315,2500.0,1508.86,2016-12-13T14:01:25,49.3,South Drive in,US,US,05,01,food,True,04/2030,2015-07-09,2016-11-23,350,350,4573,PURCHASE,,991.14,,,,,,False,False
832203315,832203315,2500.0,1459.56,2016-12-14T16:21:45,0.17,Ray's Fries #745083,US,US,05,08,food,True,12/2019,2015-07-09,2016-11-23,350,350,4573,PURCHASE,,1040.44,,,,,,False,False
832203315,832203315,2500.0,1459.39,2016-12-15T03:00:05,55.55,Ray's Fries #892291,US,US,02,01,food,True,03/2027,2015-07-09,2016-11-23,350,350,4573,PURCHASE,,1040.61,,,,,,False,False
832203315,832203315,2500.0,1403.84,2016-12-15T21:12:32,8.44,1st BBQ,US,US,05,01,food,True,12/2026,2015-07-09,2016-11-23,350,350,4573,PURCHASE,,1096.16,,,,,,False,False
832203315,832203315,2500.0,1395.4,2016-12-16T09:18:22,79.77,apple.com,US,US,09,01,online_retail,False,03/2032,2015-07-09,2016-11-23,350,350,4573,PURCHASE,,1104.6,,,,,,False,False
832203315,832203315,2500.0,1315.63,2016-12-17T03:20:01,460.83,Franks Pub #934222,US,US,05,01,food,True,11/2021,2015-07-09,2016-11-23,350,350,4573,PURCHASE,,1184.37,,,,,,False,False
832203315,832203315,2500.0,854.8,2016-12-17T04:52:07,42.1,34th BBQ #493821,US,US,09,01,food,True,12/2032,2015-07-09,2016-11-23,350,350,4573,REVERSAL,,1645.2,,,,,,False,False
832203315,832203315,2500.0,896.9,2016-12-17T06:35:00,70.18,South Steakhouse #253522,US,US,05,01,food,True,04/2032,2015-07-09,2016-11-23,350,350,4573,PURCHASE,,1603.1,,,,,,False,False
832203315,832203315,2500.0,826.72,2016-12-18T19:40:56,9.06,34th Diner,US,US,09,01,food,True,03/2033,2015-07-09,2016-11-23,350,350,4573,PURCHASE,,1673.28,,,,,,False,False
832203315,832203315,2500.0,817.66,2016-12-18T20:03:59,90.51,Boston Cafe #465229,US,US,05,01,food,True,01/2022,2015-07-09,2016-11-23,350,350,4573,PURCHASE,,1682.34,,,,,,False,False
832203315,832203315,2500.0,727.15,2016-12-21T00:35:40,274.39,1st Sandwitch Bar #801388,US,US,02,01,food,True,03/2023,2015-07-09,2016-11-23,350,350,4573,PURCHASE,,1772.85,,,,,,False,False
832203315,832203315,2500.0,452.76,2016-12-21T21:38:24,59.02,Ray's Fries #892291,US,US,05,01,food,True,12/2020,2015-07-09,2016-11-23,350,350,4573,PURCHASE,,2047.24,,,,,,False,False
832203315,832203315,2500.0,393.74,2016-12-23T03:16:08,153.52,NY BBQ,US,US,09,01,food,True,03/2026,2015-07-09,2016-11-23,350,350,4573,REVERSAL,,2106.26,,,,,,False,True
832203315,832203315,2500.0,547.26,2016-12-23T11:23:58,62.07,Uptown BBQ,US,US,05,01,food,True,07/2021,2015-07-09,2016-11-23,350,350,4573,PURCHASE,,1952.74,,,,,,False,False
832203315,832203315,2500.0,485.19,2016-12-24T12:37:12,280.03,South Steakhouse #796913,US,US,05,01,food,True,10/2031,2015-07-09,2016-11-23,350,350,4573,PURCHASE,,2014.81,,,,,,False,False
832203315,832203315,2500.0,205.16,2016-12-27T01:09:12,402.03,South Cafe,US,US,02,01,food,True,06/2020,2015-07-09,2016-11-23,350,350,4573,PURCHASE,,2294.84,,,,,,False,False
832203315,832203315,2500.0,91.3,2016-12-27T14:52:12,239.2,Ray's Fries #61396,US,US,02,01,food,True,05/2030,2015-07-09,2016-11-23,350,350,4573,PURCHASE,,2408.7,,,,,,False,False
832203315,832203315,2500.0,2341.57,2016-12-28T01:40:40,353.81,Downtown Diner,US,US,05,01,food,True,10/2030,2015-07-09,2016-11-23,350,350,4573,PURCHASE,,158.43,,,,,,False,False
832203315,832203315,2500.0,1987.76,2016-12-28T01:50:23,30.95,Franks Restaurant,US,US,05,08,food,False,01/2029,2015-07-09,2016-11-23,350,350,4573,PURCHASE,,512.24,,,,,,False,False
832203315,832203315,2500.0,1956.81,2016-12-29T15:19:22,270.8,Dinosaur Drive in,US,US,05,01,food,True,04/2026,2015-07-09,2016-11-23,350,350,4573,PURCHASE,,543.19,,,,,,False,False
832203315,832203315,2500.0,1686.01,2016-12-30T04:02:29,132.97,Best Pub,US,US,05,01,food,True,09/2029,2015-07-09,2016-11-23,350,350,4573,PURCHASE,,813.99,,,,,,False,False
832203315,832203315,2500.0,1553.04,2016-12-30T08:45:07,89.87,South Restaurant,US,US,90,01,food,True,03/2026,2015-07-09,2016-11-23,350,350,4573,PURCHASE,,946.96,,,,,,False,False
832203315,832203315,2500.0,1463.17,2016-12-30T09:38:43,8.69,Play Store,US,US,09,01,mobileapps,False,03/2026,2015-07-09,2016-11-23,350,350,4573,PURCHASE,,1036.83,,,,,,False,False
